time	V(realim)
0.000000000000000e+000	-1.660210e-002
8.789062499996864e-007	6.159882e-002
2.636718749999926e-006	2.179878e-001
7.150195178651925e-006	6.193243e-001
1.180527063125540e-005	1.032416e+000
2.015741543442105e-005	1.770918e+000
2.894647793442139e-005	2.542970e+000
3.773554043442172e-005	3.307296e+000
4.652460293442205e-005	4.061505e+000
5.531366543442239e-005	4.803298e+000
6.410272793442272e-005	5.530412e+000
7.289179043442305e-005	6.240632e+000
8.168085293442338e-005	6.931792e+000
9.046991543442372e-005	7.601783e+000
9.925897793442405e-005	8.248565e+000
1.080480404344244e-004	8.870164e+000
1.168371029344247e-004	9.464685e+000
1.256261654344251e-004	1.003032e+001
1.344152279344254e-004	1.056956e+001
1.386370557035690e-004	1.081804e+001
1.412298557888084e-004	1.096604e+001
1.424499951267434e-004	1.103452e+001
1.432022753976043e-004	1.107631e+001
1.436502404313002e-004	1.110103e+001
1.441030829631932e-004	1.112591e+001
1.445869233020697e-004	1.115238e+001
1.451323944203871e-004	1.118208e+001
1.458624956723938e-004	1.122160e+001
1.470753159412541e-004	1.128672e+001
1.485772367778755e-004	1.136656e+001
1.501083172766784e-004	1.144683e+001
1.523958209692384e-004	1.156448e+001
1.558745313783869e-004	1.173991e+001
1.574123429321540e-004	1.181599e+001
1.583781002789404e-004	1.186304e+001
1.589021475328321e-004	1.188836e+001
1.593200719690107e-004	1.190844e+001
1.597027643190693e-004	1.192675e+001
1.600657181540068e-004	1.194405e+001
1.604536023359689e-004	1.196246e+001
1.608128292469972e-004	1.197944e+001
1.611809173671791e-004	1.199677e+001
1.615557441267991e-004	1.201434e+001
1.619713813631966e-004	1.203374e+001
1.624495813405350e-004	1.205597e+001
1.631578398612957e-004	1.208879e+001
1.637306551084492e-004	1.211522e+001
1.643019378121061e-004	1.214142e+001
1.649262270394386e-004	1.216985e+001
1.657333608214772e-004	1.220633e+001
1.662088993643245e-004	1.222769e+001
1.667803873525121e-004	1.225317e+001
1.674237426351607e-004	1.228168e+001
1.681083910015377e-004	1.231180e+001
1.687702124551944e-004	1.234069e+001
1.694761248423942e-004	1.237128e+001
1.702281473426603e-004	1.240359e+001
1.710160301312651e-004	1.243714e+001
1.718490663824308e-004	1.247229e+001
1.727380540480356e-004	1.250941e+001
1.737008666461929e-004	1.254917e+001
1.747667930725554e-004	1.259264e+001
1.759737151821117e-004	1.264117e+001
1.773786811275473e-004	1.269672e+001
1.790614806511538e-004	1.276190e+001
1.837806011535381e-004	1.293665e+001
1.874978887111594e-004	1.306535e+001
1.934023112175470e-004	1.325362e+001
2.021913737175474e-004	1.350237e+001
2.109804362175477e-004	1.371323e+001
2.197694987175480e-004	1.388224e+001
2.285585612175484e-004	1.400888e+001
2.373476237175487e-004	1.409277e+001
2.461366862175490e-004	1.413366e+001
2.549257487175494e-004	1.413141e+001
2.637148112175497e-004	1.408604e+001
2.725038737175500e-004	1.399768e+001
2.812929362175504e-004	1.386660e+001
2.900819987175507e-004	1.369321e+001
2.988710612175510e-004	1.347803e+001
3.076601237175514e-004	1.322172e+001
3.164491862175517e-004	1.292505e+001
3.252382487175520e-004	1.259240e+001
3.308456684078349e-004	1.236190e+001
3.336062447024642e-004	1.224218e+001
3.349371257744599e-004	1.218281e+001
3.358929712498748e-004	1.213952e+001
3.369223004640685e-004	1.209245e+001
3.373866922861003e-004	1.207103e+001
3.377477550883957e-004	1.205427e+001
3.381932411588608e-004	1.203350e+001
3.386849925415764e-004	1.201049e+001
3.389977847271580e-004	1.199580e+001
3.392322611392960e-004	1.198475e+001
3.395494624837707e-004	1.196976e+001
3.397814727184520e-004	1.195877e+001
3.400375738643194e-004	1.194660e+001
3.402866845614062e-004	1.193474e+001
3.405500686965825e-004	1.192217e+001
3.408370855808914e-004	1.190843e+001
3.411236626334148e-004	1.189467e+001
3.414449896400763e-004	1.187920e+001
3.417945251603773e-004	1.186231e+001
3.421939464673630e-004	1.184294e+001
3.426613289608900e-004	1.182018e+001
3.432237176835386e-004	1.179265e+001
3.439360985754191e-004	1.175756e+001
3.448746561016966e-004	1.171094e+001
3.462218416466498e-004	1.164323e+001
3.483430376902269e-004	1.153463e+001
3.521986803873226e-004	1.133279e+001
3.550209946102771e-004	1.118143e+001
3.573744875957846e-004	1.105222e+001
3.592588046354870e-004	1.094688e+001
3.611312725149531e-004	1.084052e+001
3.633571029669665e-004	1.071208e+001
3.658155279474907e-004	1.056784e+001
3.684422628463177e-004	1.041066e+001
3.723363011063864e-004	1.017168e+001
3.783982419712246e-004	9.787822e+000
3.855139765274827e-004	9.319672e+000
3.943030390274830e-004	8.716806e+000
4.030921015274833e-004	8.088708e+000
4.118811640274837e-004	7.435915e+000
4.206702265274840e-004	6.760417e+000
4.294592890274843e-004	6.064275e+000
4.382483515274847e-004	5.349610e+000
4.470374140274850e-004	4.618602e+000
4.558264765274853e-004	3.873479e+000
4.646155390274857e-004	3.116514e+000
4.734046015274860e-004	2.350015e+000
4.821936640274863e-004	1.576319e+000
4.909827265274867e-004	7.977845e-001
4.997717890274870e-004	1.678666e-002
5.085608515274873e-004	-7.642934e-001
5.173499140274877e-004	-1.543074e+000
5.261389765274880e-004	-2.317180e+000
5.349280390274883e-004	-3.084252e+000
5.437171015274887e-004	-3.841949e+000
5.525061640274890e-004	-4.587963e+000
5.612952265274893e-004	-5.320017e+000
5.700842890274897e-004	-6.035880e+000
5.788733515274900e-004	-6.733369e+000
5.876624140274903e-004	-7.410358e+000
5.964514765274907e-004	-8.064782e+000
6.052405390274910e-004	-8.694646e+000
6.140296015274913e-004	-9.298030e+000
6.228186640274917e-004	-9.873095e+000
6.316077265274920e-004	-1.041946e+001
6.388963619362040e-004	-1.085203e+001
6.418328299135877e-004	-1.101996e+001
6.434443302680030e-004	-1.110993e+001
6.441854793402067e-004	-1.115084e+001
6.446641235472025e-004	-1.117709e+001
6.450778783895581e-004	-1.119969e+001
6.454157032008889e-004	-1.121809e+001
6.457164888866952e-004	-1.123443e+001
6.460165518190160e-004	-1.125068e+001
6.463292074790836e-004	-1.126757e+001
6.466457111418732e-004	-1.128462e+001
6.469844061101253e-004	-1.130281e+001
6.473526130924443e-004	-1.132253e+001
6.477697770953675e-004	-1.134478e+001
6.482499246277754e-004	-1.137029e+001
6.488383701856700e-004	-1.140140e+001
6.496858018005961e-004	-1.144591e+001
6.508632218897381e-004	-1.150725e+001
6.521352780484860e-004	-1.157280e+001
6.537871037407706e-004	-1.165669e+001
6.562522915332675e-004	-1.177925e+001
6.601523012762338e-004	-1.196875e+001
6.618066120925087e-004	-1.204731e+001
6.632704111562138e-004	-1.211558e+001
6.637305314944565e-004	-1.213681e+001
6.644811493174922e-004	-1.217114e+001
6.651904532654030e-004	-1.220336e+001
6.658526380513260e-004	-1.223323e+001
6.663880239591883e-004	-1.225722e+001
6.669782195544939e-004	-1.228349e+001
6.675377098098300e-004	-1.230824e+001
6.681274343044224e-004	-1.233416e+001
6.687901987920981e-004	-1.236309e+001
6.694309332892804e-004	-1.239083e+001
6.703971422632521e-004	-1.243229e+001
6.713277978651283e-004	-1.247176e+001
6.728872415788494e-004	-1.253688e+001
6.746665054834268e-004	-1.260968e+001
6.772480705104483e-004	-1.271227e+001
6.807072115288760e-004	-1.284434e+001
6.853036374034078e-004	-1.300984e+001
6.917445604982548e-004	-1.322254e+001
7.003593498099477e-004	-1.347491e+001
7.091484123099481e-004	-1.369420e+001
7.179374748099484e-004	-1.387197e+001
7.267265373099487e-004	-1.400748e+001
7.355155998099491e-004	-1.410030e+001
7.443046623099494e-004	-1.415016e+001
7.530937248099497e-004	-1.415691e+001
7.618827873099501e-004	-1.412052e+001
7.706718498099504e-004	-1.404110e+001
7.794609123099507e-004	-1.391890e+001
7.882499748099511e-004	-1.375429e+001
7.970390373099514e-004	-1.354778e+001
8.058280998099517e-004	-1.329998e+001
8.146171623099521e-004	-1.301166e+001
8.234062248099524e-004	-1.268369e+001
8.321952873099527e-004	-1.232282e+001
8.356106531537729e-004	-1.217320e+001
8.370708410484875e-004	-1.210661e+001
8.385657253722348e-004	-1.203722e+001
8.391775043553292e-004	-1.200847e+001
8.401816453040452e-004	-1.196081e+001
8.410220460759637e-004	-1.192058e+001
8.420270253280057e-004	-1.187196e+001
8.434922733378232e-004	-1.180019e+001
8.453496657500207e-004	-1.170759e+001
8.485981320145442e-004	-1.154254e+001
8.503283917983620e-004	-1.145300e+001
8.516168913433146e-004	-1.138521e+001
8.528459540477632e-004	-1.131980e+001
8.537431369316922e-004	-1.127166e+001
8.541563164589303e-004	-1.124936e+001
8.545659182417446e-004	-1.122713e+001
8.551686019003428e-004	-1.119430e+001
8.558247879853539e-004	-1.115838e+001
8.566688663095567e-004	-1.111187e+001
8.576968977043907e-004	-1.105475e+001
8.595381516301598e-004	-1.095122e+001
8.619035908766859e-004	-1.081596e+001
8.655466267779082e-004	-1.060266e+001
8.706365656165754e-004	-1.029515e+001
8.775794834640551e-004	-9.858692e+000
8.863685459640554e-004	-9.281191e+000
8.951576084640558e-004	-8.677021e+000
9.039466709640561e-004	-8.046425e+000
9.127357334640564e-004	-7.391325e+000
9.215247959640568e-004	-6.713719e+000
9.303138584640571e-004	-6.015672e+000
9.391029209640574e-004	-5.299313e+000
9.478919834640578e-004	-4.566826e+000
9.566810459640581e-004	-3.820446e+000
9.654701084640584e-004	-3.062446e+000
9.742591709640588e-004	-2.295140e+000
9.830482334640591e-004	-1.520867e+000
9.918372959640594e-004	-7.419869e-001
1.000626358464060e-003	3.912390e-002
1.009415420964060e-003	8.200840e-001
1.018204483464060e-003	1.598512e+000
1.026993545964061e-003	2.372034e+000
1.035782608464061e-003	3.138292e+000
1.044571670964061e-003	3.894949e+000
1.053360733464062e-003	4.639697e+000
1.062149795964062e-003	5.370267e+000
1.070938858464062e-003	6.084430e+000
1.079727920964063e-003	6.780009e+000
1.088516983464063e-003	7.454883e+000
1.097306045964063e-003	8.106995e+000
1.106095108464064e-003	8.734356e+000
1.114884170964064e-003	9.335054e+000
1.123673233464064e-003	9.907258e+000
1.132462295964065e-003	1.045228e+001
1.137916732108461e-003	1.077613e+001
1.140873642152657e-003	1.094532e+001
1.144115896066065e-003	1.112589e+001
1.146198507012222e-003	1.123939e+001
1.148270773465180e-003	1.135007e+001
1.150705722678736e-003	1.147769e+001
1.153092768051044e-003	1.159992e+001
1.156883452279880e-003	1.178960e+001
1.158512376745129e-003	1.186948e+001
1.159306036369855e-003	1.190779e+001
1.159740777820625e-003	1.192860e+001
1.160106517146502e-003	1.194603e+001
1.160454606024302e-003	1.196255e+001
1.160823240832870e-003	1.197997e+001
1.161191732354953e-003	1.199731e+001
1.161558818317394e-003	1.201452e+001
1.161987953870122e-003	1.203455e+001
1.162455155422851e-003	1.205627e+001
1.163197957916764e-003	1.209068e+001
1.163778849616427e-003	1.211748e+001
1.164347538258776e-003	1.214355e+001
1.164966964512635e-003	1.217173e+001
1.165841770258811e-003	1.221124e+001
1.166337349314158e-003	1.223347e+001
1.166921833631134e-003	1.225950e+001
1.167557938153589e-003	1.228763e+001
1.168259443080463e-003	1.231845e+001
1.168925500221332e-003	1.234748e+001
1.169609363255888e-003	1.237706e+001
1.170354462234909e-003	1.240900e+001
1.171452825128235e-003	1.245559e+001
1.172537575433765e-003	1.250092e+001
1.174707076044826e-003	1.258963e+001
1.177614486336832e-003	1.270460e+001
1.182243433096099e-003	1.287758e+001
1.189721487433853e-003	1.313421e+001
1.198510549933854e-003	1.340182e+001
1.207299612433854e-003	1.363002e+001
1.216088674933854e-003	1.381663e+001
1.224877737433855e-003	1.396107e+001
1.233666799933855e-003	1.406290e+001
1.242455862433855e-003	1.412182e+001
1.251244924933856e-003	1.413764e+001
1.260033987433856e-003	1.411032e+001
1.268823049933856e-003	1.403994e+001
1.277612112433857e-003	1.392671e+001
1.286401174933857e-003	1.377098e+001
1.295190237433857e-003	1.357323e+001
1.303979299933858e-003	1.333406e+001
1.312768362433858e-003	1.305419e+001
1.321557424933858e-003	1.273448e+001
1.330346487433859e-003	1.238175e+001
1.333686811136456e-003	1.223843e+001
1.335302629368351e-003	1.216628e+001
1.336377773973597e-003	1.211740e+001
1.337494379504500e-003	1.206602e+001
1.337909686638704e-003	1.204676e+001
1.338247322267745e-003	1.203102e+001
1.338655766112989e-003	1.201189e+001
1.339084635889593e-003	1.199175e+001
1.339260218442604e-003	1.198348e+001
1.339525948812123e-003	1.197091e+001
1.339817013176852e-003	1.195712e+001
1.340046562318357e-003	1.194622e+001
1.340294835863365e-003	1.193439e+001
1.340523331831650e-003	1.192348e+001
1.340785616980182e-003	1.191093e+001
1.341052653155669e-003	1.189812e+001
1.341351914122355e-003	1.188372e+001
1.341732106920468e-003	1.186537e+001
1.342085731336071e-003	1.184823e+001
1.342566155409781e-003	1.182486e+001
1.343077508516889e-003	1.179986e+001
1.343779725446830e-003	1.176532e+001
1.344630053224591e-003	1.172317e+001
1.345902912139668e-003	1.165939e+001
1.347744655545032e-003	1.156553e+001
1.351283901545501e-003	1.138108e+001
1.354781351643714e-003	1.119400e+001
1.357920093008561e-003	1.102154e+001
1.360305498373682e-003	1.088745e+001
1.362670159581970e-003	1.075176e+001
1.365696903090829e-003	1.057449e+001
1.369080471915791e-003	1.037200e+001
1.372592047217680e-003	1.015633e+001
1.378071829144717e-003	9.808463e+000
1.386598764697800e-003	9.245811e+000
1.395387827197800e-003	8.640722e+000
1.404176889697801e-003	8.009471e+000
1.412965952197801e-003	7.353766e+000
1.421755014697801e-003	6.675608e+000
1.430544077197802e-003	5.977063e+000
1.439333139697802e-003	5.260262e+000
1.448122202197802e-003	4.527390e+000
1.456911264697803e-003	3.780682e+000
1.465700327197803e-003	3.022415e+000
1.474489389697803e-003	2.254900e+000
1.483278452197804e-003	1.480479e+000
1.492067514697804e-003	7.015122e-001
1.500856577197804e-003	-7.962473e-002
1.509645639697805e-003	-8.605498e-001
1.518434702197805e-003	-1.638882e+000
1.527223764697805e-003	-2.412247e+000
1.536012827197806e-003	-3.178287e+000
1.544801889697806e-003	-3.934667e+000
1.553590952197806e-003	-4.679080e+000
1.562380014697807e-003	-5.409256e+000
1.571169077197807e-003	-6.122968e+000
1.579958139697807e-003	-6.818041e+000
1.588747202197808e-003	-7.492355e+000
1.597536264697808e-003	-8.143854e+000
1.606325327197808e-003	-8.770552e+000
1.615114389697809e-003	-9.370539e+000
1.623903452197809e-003	-9.941983e+000
1.632692514697809e-003	-1.048315e+001
1.641481577197810e-003	-1.099813e+001
1.644256883163304e-003	-1.115405e+001
1.646581943096466e-003	-1.128097e+001
1.647310641803193e-003	-1.132021e+001
1.647954552110247e-003	-1.135456e+001
1.648560119267545e-003	-1.138667e+001
1.649272884643635e-003	-1.142423e+001
1.650256232656354e-003	-1.147564e+001
1.651748646915740e-003	-1.155291e+001
1.653103857655675e-003	-1.162214e+001
1.655273590125146e-003	-1.173093e+001
1.658527621284704e-003	-1.189089e+001
1.660249250548198e-003	-1.197387e+001
1.661307423488883e-003	-1.202399e+001
1.662355088545867e-003	-1.207308e+001
1.663062861696758e-003	-1.210598e+001
1.663563752767413e-003	-1.212910e+001
1.664207338076677e-003	-1.215859e+001
1.665167970052848e-003	-1.220230e+001
1.665691013672060e-003	-1.222593e+001
1.666271156029422e-003	-1.225195e+001
1.666898702716442e-003	-1.227991e+001
1.667615279120101e-003	-1.231161e+001
1.668266916404817e-003	-1.234022e+001
1.668947199114964e-003	-1.236987e+001
1.669637797697055e-003	-1.239970e+001
1.670729311570294e-003	-1.244639e+001
1.671760942306921e-003	-1.248989e+001
1.673824203780175e-003	-1.257515e+001
1.676502493964004e-003	-1.268233e+001
1.681216751020292e-003	-1.286103e+001
1.688492191976186e-003	-1.311501e+001
1.697281254476186e-003	-1.338805e+001
1.706070316976186e-003	-1.362201e+001
1.714859379476187e-003	-1.381446e+001
1.723648441976187e-003	-1.396482e+001
1.732437504476187e-003	-1.407263e+001
1.741226566976188e-003	-1.413756e+001
1.750015629476188e-003	-1.415942e+001
1.758804691976188e-003	-1.413813e+001
1.767593754476189e-003	-1.407376e+001
1.776382816976189e-003	-1.396651e+001
1.785171879476189e-003	-1.381670e+001
1.793960941976190e-003	-1.362480e+001
1.802750004476190e-003	-1.339138e+001
1.811539066976190e-003	-1.311716e+001
1.820328129476190e-003	-1.280297e+001
1.829117191976190e-003	-1.245548e+001
1.832594657098874e-003	-1.230793e+001
1.834815551434093e-003	-1.220951e+001
1.835821689811341e-003	-1.216402e+001
1.836732152055600e-003	-1.212233e+001
1.837685376836378e-003	-1.207831e+001
1.838296262697020e-003	-1.204986e+001
1.838964237872420e-003	-1.201850e+001
1.839745639634984e-003	-1.198153e+001
1.840611447849281e-003	-1.194022e+001
1.841726055543001e-003	-1.188653e+001
1.842862860364555e-003	-1.183114e+001
1.844536288180392e-003	-1.174819e+001
1.847883143812066e-003	-1.157921e+001
1.849684022107589e-003	-1.148655e+001
1.851255710120871e-003	-1.140430e+001
1.852107046621226e-003	-1.135922e+001
1.853193246502679e-003	-1.130121e+001
1.853609646835513e-003	-1.127884e+001
1.854033455777032e-003	-1.125596e+001
1.854450359568827e-003	-1.123337e+001
1.854962243577316e-003	-1.120553e+001
1.855488647285422e-003	-1.117678e+001
1.856148066358501e-003	-1.114058e+001
1.856940445209667e-003	-1.109681e+001
1.858156332474265e-003	-1.102906e+001
1.859865601839948e-003	-1.093252e+001
1.863206352646850e-003	-1.074014e+001
1.867248036503786e-003	-1.050104e+001
1.873161792350489e-003	-1.013871e+001
1.880467270035888e-003	-9.672325e+000
1.889256332535888e-003	-9.085674e+000
1.898045395035889e-003	-8.472614e+000
1.906834457535889e-003	-7.833751e+000
1.915623520035889e-003	-7.171033e+000
1.924412582535890e-003	-6.486479e+000
1.933201645035890e-003	-5.782178e+000
1.941990707535890e-003	-5.060277e+000
1.950779770035891e-003	-4.322976e+000
1.959568832535891e-003	-3.572525e+000
1.968357895035891e-003	-2.811211e+000
1.977146957535892e-003	-2.041357e+000
1.985936020035892e-003	-1.265309e+000
1.994725082535892e-003	-4.854334e-001
2.012303207535893e-003	1.076281e+000
2.021092270035893e-003	1.853359e+000
2.029881332535894e-003	2.624753e+000
2.038670395035894e-003	3.388113e+000
2.047459457535894e-003	4.141110e+000
2.056248520035895e-003	4.881448e+000
2.065037582535895e-003	5.606871e+000
2.073826645035895e-003	6.315165e+000
2.082615707535896e-003	7.004172e+000
2.091404770035896e-003	7.671791e+000
2.100193832535896e-003	8.315987e+000
2.108982895035897e-003	8.934793e+000
2.117771957535897e-003	9.526328e+000
2.126561020035897e-003	1.008878e+001
2.135350082535898e-003	1.062496e+001
2.139289360032838e-003	1.085543e+001
2.142016239895078e-003	1.100969e+001
2.144657445845837e-003	1.115564e+001
2.146947161427326e-003	1.127959e+001
2.149122720102510e-003	1.139504e+001
2.151644775456952e-003	1.152617e+001
2.154300309494860e-003	1.166148e+001
2.156115392509280e-003	1.175231e+001
2.157092711712265e-003	1.180052e+001
2.157893127727736e-003	1.183961e+001
2.158417376022832e-003	1.186505e+001
2.158886024952842e-003	1.188767e+001
2.159297458169373e-003	1.190743e+001
2.159691433210351e-003	1.192628e+001
2.160056185367423e-003	1.194367e+001
2.160443649412022e-003	1.196206e+001
2.160805529861564e-003	1.197917e+001
2.161171265009688e-003	1.199639e+001
2.161548013479835e-003	1.201405e+001
2.161960303439523e-003	1.203330e+001
2.162439160859928e-003	1.205556e+001
2.163134930523709e-003	1.208781e+001
2.163702339351894e-003	1.211399e+001
2.164273431833272e-003	1.214019e+001
2.164899858129172e-003	1.216873e+001
2.165682562853086e-003	1.220413e+001
2.166138704911268e-003	1.222462e+001
2.166704077340697e-003	1.224985e+001
2.167353968532583e-003	1.227867e+001
2.168027109868435e-003	1.230831e+001
2.168689721181815e-003	1.233726e+001
2.169410272042163e-003	1.236850e+001
2.170165790499208e-003	1.240097e+001
2.171178414432869e-003	1.244404e+001
2.172252147398171e-003	1.248905e+001
2.174399613328777e-003	1.257712e+001
2.177535246667424e-003	1.270075e+001
2.183806513344719e-003	1.293185e+001
2.192595575844719e-003	1.322521e+001
2.201384638344720e-003	1.348102e+001
2.210173700844720e-003	1.369569e+001
2.218962763344720e-003	1.386856e+001
2.227751825844721e-003	1.399911e+001
2.236540888344721e-003	1.408694e+001
2.245329950844721e-003	1.413177e+001
2.254119013344722e-003	1.413349e+001
2.262908075844722e-003	1.409207e+001
2.271697138344722e-003	1.400765e+001
2.280486200844723e-003	1.388048e+001
2.289275263344723e-003	1.371095e+001
2.298064325844723e-003	1.349958e+001
2.306853388344724e-003	1.324701e+001
2.315642450844724e-003	1.295402e+001
2.324431513344724e-003	1.262368e+001
2.331197737620982e-003	1.234650e+001
2.333760246401435e-003	1.223541e+001
2.335134638868077e-003	1.217395e+001
2.336117908055636e-003	1.212934e+001
2.337155432023183e-003	1.208177e+001
2.337594877689517e-003	1.206144e+001
2.337930600334184e-003	1.204583e+001
2.338407887879057e-003	1.202352e+001
2.339187366345537e-003	1.198696e+001
2.339350557981006e-003	1.197926e+001
2.339563992605530e-003	1.196915e+001
2.339810496735491e-003	1.195747e+001
2.339979207784226e-003	1.194946e+001
2.340199121378428e-003	1.193899e+001
2.340377673879585e-003	1.193048e+001
2.340619987323905e-003	1.191890e+001
2.340847616222093e-003	1.190800e+001
2.341144052869341e-003	1.189376e+001
2.341492557939076e-003	1.187698e+001
2.341827319405543e-003	1.186080e+001
2.342245646842146e-003	1.184050e+001
2.342710071228275e-003	1.181787e+001
2.343295942839425e-003	1.178918e+001
2.344017893341498e-003	1.175358e+001
2.345137391932444e-003	1.169780e+001
2.347110515391340e-003	1.159775e+001
2.351056762309135e-003	1.139268e+001
2.355097526624463e-003	1.117681e+001
2.357846437759169e-003	1.102563e+001
2.360784912560782e-003	1.086000e+001
2.363371766531975e-003	1.071108e+001
2.366295946139201e-003	1.053913e+001
2.369536599090351e-003	1.034425e+001
2.373676892979812e-003	1.008853e+001
2.379383744413641e-003	9.723801e+000
2.388172806913641e-003	9.139328e+000
2.396961869413641e-003	8.529593e+000
2.405750931913642e-003	7.893817e+000
2.414539994413642e-003	7.233943e+000
2.423329056913642e-003	6.551980e+000
2.432118119413643e-003	5.850007e+000
2.440907181913643e-003	5.130166e+000
2.449696244413643e-003	4.394650e+000
2.458485306913644e-003	3.645704e+000
2.467274369413644e-003	2.885609e+000
2.476063431913644e-003	2.116685e+000
2.484852494413645e-003	1.341276e+000
2.493641556913645e-003	5.617452e-001
2.511219681913646e-003	-1.000165e+000
2.520008744413646e-003	-1.777781e+000
2.528797806913646e-003	-2.550007e+000
2.537586869413647e-003	-3.314488e+000
2.546375931913647e-003	-4.068894e+000
2.555164994413647e-003	-4.810923e+000
2.563954056913648e-003	-5.538312e+000
2.572743119413648e-003	-6.248845e+000
2.581532181913648e-003	-6.940354e+000
2.590321244413649e-003	-7.610731e+000
2.599110306913649e-003	-8.257933e+000
2.607899369413649e-003	-8.879985e+000
2.616688431913650e-003	-9.474992e+000
2.625477494413650e-003	-1.004114e+001
2.634266556913650e-003	-1.057670e+001
2.643055619413651e-003	-1.108491e+001
2.646791026125254e-003	-1.129192e+001
2.647854542503039e-003	-1.134915e+001
2.648606704917596e-003	-1.138909e+001
2.649297417354125e-003	-1.142548e+001
2.650385394954970e-003	-1.148234e+001
2.651717197375709e-003	-1.155127e+001
2.653106414114155e-003	-1.162223e+001
2.655281667609605e-003	-1.173132e+001
2.658429979006633e-003	-1.188625e+001
2.659886957640186e-003	-1.195662e+001
2.660873598716532e-003	-1.200353e+001
2.661732958984277e-003	-1.204395e+001
2.662834187731288e-003	-1.209535e+001
2.663273940152897e-003	-1.211572e+001
2.663815058997722e-003	-1.214062e+001
2.664424285805996e-003	-1.216847e+001
2.665434166735287e-003	-1.221430e+001
2.665907786679659e-003	-1.223564e+001
2.666538538246197e-003	-1.226385e+001
2.667105662032598e-003	-1.228907e+001
2.667721585074367e-003	-1.231627e+001
2.668301484526719e-003	-1.234170e+001
2.669004478819619e-003	-1.237231e+001
2.669760016539098e-003	-1.240495e+001
2.670500018584687e-003	-1.243659e+001
2.671980022675862e-003	-1.249899e+001
2.673754633749801e-003	-1.257216e+001
2.677303855897680e-003	-1.271315e+001
2.682609314395477e-003	-1.291092e+001
2.691309388723428e-003	-1.320582e+001
2.700098451223428e-003	-1.346748e+001
2.708887513723429e-003	-1.368821e+001
2.717676576223429e-003	-1.386723e+001
2.726465638723429e-003	-1.400399e+001
2.735254701223430e-003	-1.409809e+001
2.744043763723430e-003	-1.414923e+001
2.752832826223430e-003	-1.415725e+001
2.761621888723431e-003	-1.412214e+001
2.770410951223431e-003	-1.404400e+001
2.779200013723431e-003	-1.392307e+001
2.787989076223432e-003	-1.375971e+001
2.796778138723432e-003	-1.355443e+001
2.805567201223432e-003	-1.330785e+001
2.814356263723433e-003	-1.302072e+001
2.823145326223433e-003	-1.269392e+001
2.831934388723433e-003	-1.233466e+001
2.834896562091759e-003	-1.220553e+001
2.836471920422766e-003	-1.213413e+001
2.837715348107820e-003	-1.207682e+001
2.838589207344247e-003	-1.203607e+001
2.839337353120331e-003	-1.200084e+001
2.840172321252681e-003	-1.196120e+001
2.840985750156557e-003	-1.192224e+001
2.842086142902276e-003	-1.186901e+001
2.843413411021799e-003	-1.180397e+001
2.845647788473857e-003	-1.169222e+001
2.849704340835769e-003	-1.148513e+001
2.851088646067044e-003	-1.141306e+001
2.852176592521717e-003	-1.135546e+001
2.853249380846877e-003	-1.129813e+001
2.853957504678126e-003	-1.126001e+001
2.854436777287202e-003	-1.123407e+001
2.854919107017660e-003	-1.120785e+001
2.855492737046826e-003	-1.117650e+001
2.856380021274953e-003	-1.112774e+001
2.857366311688809e-003	-1.107309e+001
2.858977992219012e-003	-1.098276e+001
2.861424069202687e-003	-1.084334e+001
2.865190300218189e-003	-1.062367e+001
2.869910083753091e-003	-1.033974e+001
2.876614866487779e-003	-9.920244e+000
2.885403928987779e-003	-9.345737e+000
2.894192991487779e-003	-8.744581e+000
2.902982053987780e-003	-8.116794e+000
2.911771116487780e-003	-7.464286e+000
2.920560178987780e-003	-6.789050e+000
2.929349241487781e-003	-6.093144e+000
2.938138303987781e-003	-5.378689e+000
2.946927366487781e-003	-4.647864e+000
2.955716428987782e-003	-3.902898e+000
2.964505491487782e-003	-3.146061e+000
2.973294553987782e-003	-2.379663e+000
2.982083616487783e-003	-1.606039e+000
2.990872678987783e-003	-8.275489e-001
2.999661741487783e-003	-4.657920e-002
3.000000000000001e-003	-1.648789e-002
