time	V(realim)
0.000000000000000e+000	-1.793145e-002
8.789062499996864e-007	6.020457e-002
2.250770890871619e-006	1.821539e-001
3.180723848788397e-006	2.648094e-001
4.179625956457662e-006	3.535765e-001
5.416377487006338e-006	4.634532e-001
6.910988477413366e-006	5.961805e-001
9.449949835801941e-006	8.214610e-001
1.331602289585034e-005	1.164110e+000
1.552159038231346e-005	1.359273e+000
1.886591950684205e-005	1.654655e+000
2.149811844678363e-005	1.886739e+000
2.310345237145108e-005	2.028016e+000
2.497430578282493e-005	2.192375e+000
2.661908899397394e-005	2.336626e+000
2.845275491144498e-005	2.497151e+000
2.994756668098404e-005	2.627771e+000
3.145558166577252e-005	2.759300e+000
3.281312555464527e-005	2.877494e+000
3.412368425062540e-005	2.991398e+000
3.521164467022719e-005	3.085803e+000
3.615389380495597e-005	3.167446e+000
3.690496605436751e-005	3.232444e+000
3.752367001805864e-005	3.285930e+000
3.803675512513514e-005	3.330246e+000
3.847918225531252e-005	3.368430e+000
3.888429154370789e-005	3.403370e+000
3.929471648345898e-005	3.438744e+000
3.969203020055215e-005	3.472966e+000
4.012847050952322e-005	3.510532e+000
4.061378454226459e-005	3.552272e+000
4.119525394084226e-005	3.602236e+000
4.193901859678856e-005	3.666069e+000
4.292380323607341e-005	3.750451e+000
4.434858497500468e-005	3.872257e+000
4.633074897212198e-005	4.041099e+000
4.977273439828959e-005	4.332736e+000
5.377973829702020e-005	4.669090e+000
6.179374609448143e-005	5.332714e+000
6.948855835672667e-005	5.957963e+000
7.827762085672700e-005	6.654589e+000
8.706668335672733e-005	7.331268e+000
9.585574585672767e-005	7.987541e+000
1.016036184856945e-004	8.404612e+000
1.054508127284887e-004	8.676797e+000
1.091689027406069e-004	8.934772e+000
1.118158342213920e-004	9.115600e+000
1.137318782474528e-004	9.244725e+000
1.157175044680138e-004	9.377059e+000
1.173121463441179e-004	9.482274e+000
1.189624539705359e-004	9.590090e+000
1.206358364626336e-004	9.698291e+000
1.227435787581306e-004	9.833218e+000
1.239760112135800e-004	9.911336e+000
1.252959330214293e-004	9.994310e+000
1.258826729029407e-004	1.003099e+001
1.262706309575999e-004	1.005513e+001
1.265068718440164e-004	1.006978e+001
1.267873599155884e-004	1.008714e+001
1.270036985525401e-004	1.010050e+001
1.272425821599050e-004	1.011523e+001
1.275058953205633e-004	1.013143e+001
1.279859553609186e-004	1.016088e+001
1.285414620336572e-004	1.019485e+001
1.291964572213882e-004	1.023476e+001
1.299752940475980e-004	1.028200e+001
1.307653947457748e-004	1.032969e+001
1.316627002414597e-004	1.038346e+001
1.334573112328286e-004	1.048991e+001
1.359372434063238e-004	1.063533e+001
1.372727478153426e-004	1.071274e+001
1.380738938440698e-004	1.075876e+001
1.385290669591865e-004	1.078475e+001
1.388073432766904e-004	1.080060e+001
1.390703654551130e-004	1.081554e+001
1.392880523509964e-004	1.082788e+001
1.394175377038356e-004	1.083521e+001
1.395362189459291e-004	1.084192e+001
1.396600664785880e-004	1.084891e+001
1.398307033797178e-004	1.085853e+001
1.400623366466201e-004	1.087156e+001
1.403155013289109e-004	1.088577e+001
1.405762340004170e-004	1.090035e+001
1.408399247684955e-004	1.091503e+001
1.411170174729507e-004	1.093039e+001
1.414079523856700e-004	1.094642e+001
1.417283056283905e-004	1.096396e+001
1.420888878272530e-004	1.098357e+001
1.425230279354563e-004	1.100706e+001
1.429539767256296e-004	1.103025e+001
1.434129333557476e-004	1.105486e+001
1.440889797467938e-004	1.109102e+001
1.444971939414631e-004	1.111288e+001
1.447715923918128e-004	1.112758e+001
1.449287699083956e-004	1.113599e+001
1.450428068813072e-004	1.114208e+001
1.451334364402611e-004	1.114692e+001
1.453297570721745e-004	1.115744e+001
1.454926262214502e-004	1.116619e+001
1.457027743537740e-004	1.117752e+001
1.461230706184214e-004	1.120026e+001
1.462921038913496e-004	1.120946e+001
1.463975098769388e-004	1.121521e+001
1.465052717343866e-004	1.122109e+001
1.465714078014817e-004	1.122469e+001
1.466512414723294e-004	1.122904e+001
1.468082194161155e-004	1.123760e+001
1.469719441092258e-004	1.124651e+001
1.472300098480841e-004	1.126052e+001
1.475073776990134e-004	1.127549e+001
1.477051873954687e-004	1.128608e+001
1.478104385336529e-004	1.129167e+001
1.478942841759085e-004	1.129611e+001
1.480207452335030e-004	1.130281e+001
1.481404063403821e-004	1.130916e+001
1.482383922711359e-004	1.131437e+001
1.483425361200053e-004	1.131989e+001
1.485015847454809e-004	1.132831e+001
1.486298685336104e-004	1.133508e+001
1.487239160754272e-004	1.134003e+001
1.488544617183323e-004	1.134690e+001
1.489874765970818e-004	1.135390e+001
1.491192611875131e-004	1.136083e+001
1.492792484131377e-004	1.136923e+001
1.495405892626110e-004	1.138291e+001
1.498562330281361e-004	1.139941e+001
1.501994536913624e-004	1.141729e+001
1.505518327866154e-004	1.143560e+001
1.508802251626472e-004	1.145261e+001
1.513421565980102e-004	1.147645e+001
1.518735003819905e-004	1.150376e+001
1.524242675412504e-004	1.153193e+001
1.530121529279968e-004	1.156186e+001
1.535722169757310e-004	1.159022e+001
1.541566047061366e-004	1.161965e+001
1.547779804791996e-004	1.165077e+001
1.554775695656371e-004	1.168559e+001
1.563495231719347e-004	1.172864e+001
1.575411137929124e-004	1.178684e+001
1.593394218291720e-004	1.187322e+001
1.682343412898971e-004	1.227430e+001
1.770234037898975e-004	1.263507e+001
1.858124662898978e-004	1.296042e+001
1.946015287898981e-004	1.324625e+001
2.033905912898985e-004	1.349169e+001
2.121796537898988e-004	1.369602e+001
2.209687162898991e-004	1.385862e+001
2.297577787898995e-004	1.397900e+001
2.385468412898998e-004	1.405679e+001
2.473359037899001e-004	1.409177e+001
2.561249662899005e-004	1.408382e+001
2.649140287899008e-004	1.403298e+001
2.737030912899011e-004	1.393939e+001
2.824921537899015e-004	1.380334e+001
2.912812162899018e-004	1.362522e+001
3.000702787899021e-004	1.340558e+001
3.088593412899025e-004	1.314507e+001
3.176484037899028e-004	1.284448e+001
3.264374662899031e-004	1.250471e+001
3.352265287899035e-004	1.212679e+001
3.440155912899038e-004	1.171723e+001
3.474889284896367e-004	1.154592e+001
3.495884632278732e-004	1.143874e+001
3.505288156756513e-004	1.139006e+001
3.511384442641272e-004	1.135834e+001
3.514044028661064e-004	1.134451e+001
3.515304929005833e-004	1.133794e+001
3.516467699148339e-004	1.133186e+001
3.517149932228169e-004	1.132830e+001
3.517921428551870e-004	1.132429e+001
3.518575068147262e-004	1.132089e+001
3.519263263459891e-004	1.131730e+001
3.520001808041320e-004	1.131346e+001
3.521039419068194e-004	1.130806e+001
3.522591166910810e-004	1.129999e+001
3.524352998405395e-004	1.129083e+001
3.526068350220022e-004	1.128191e+001
3.528858552122004e-004	1.126739e+001
3.534438955925968e-004	1.123830e+001
3.542671559628599e-004	1.119509e+001
3.553667493010129e-004	1.113668e+001
3.561398430350559e-004	1.109505e+001
3.568983219064273e-004	1.105375e+001
3.572989729328452e-004	1.103173e+001
3.575326514683652e-004	1.101878e+001
3.577739028924340e-004	1.100534e+001
3.579066902013048e-004	1.099791e+001
3.580469456046509e-004	1.099001e+001
3.581969952287569e-004	1.098150e+001
3.584970944769689e-004	1.096437e+001
3.586356202434603e-004	1.095644e+001
3.587228121159410e-004	1.095146e+001
3.587945812472682e-004	1.094742e+001
3.588690109375655e-004	1.094329e+001
3.589233550259077e-004	1.094031e+001
3.589837723505050e-004	1.093704e+001
3.590499554032359e-004	1.093347e+001
3.591124859279246e-004	1.093009e+001
3.591970062620980e-004	1.092548e+001
3.592469381255925e-004	1.092272e+001
3.592942263186804e-004	1.092009e+001
3.593449795154888e-004	1.091725e+001
3.594050073499680e-004	1.091388e+001
3.594691815384001e-004	1.091027e+001
3.595520108441068e-004	1.090562e+001
3.596118183546611e-004	1.090226e+001
3.596777715690266e-004	1.089857e+001
3.597633906580848e-004	1.089377e+001
3.598584384192386e-004	1.088843e+001
3.600485339415463e-004	1.087775e+001
3.602339269277496e-004	1.086731e+001
3.604203150405841e-004	1.085680e+001
3.606011946124636e-004	1.084658e+001
3.608001411298228e-004	1.083533e+001
3.609943333440120e-004	1.082433e+001
3.612120252115920e-004	1.081197e+001
3.614336871219379e-004	1.079937e+001
3.616876007348857e-004	1.078491e+001
3.619617437400115e-004	1.076927e+001
3.622862978174546e-004	1.075071e+001
3.626622159791423e-004	1.072915e+001
3.631314138111798e-004	1.070216e+001
3.637251759853405e-004	1.066786e+001
3.645397269944617e-004	1.062054e+001
3.657291323036077e-004	1.055088e+001
3.677241415600890e-004	1.043248e+001
3.712208022255701e-004	1.022215e+001
3.723129795312327e-004	1.015557e+001
3.731532635601071e-004	1.010379e+001
3.734719333124935e-004	1.008406e+001
3.739114484412297e-004	1.005675e+001
3.741412596379220e-004	1.004244e+001
3.744278103608055e-004	1.002457e+001
3.747089688103753e-004	1.000701e+001
3.750103235894021e-004	9.988142e+000
3.754616600127750e-004	9.959825e+000
3.759111463608657e-004	9.931532e+000
3.768101190570481e-004	9.874703e+000
3.778005195321857e-004	9.811681e+000
3.797813204824609e-004	9.684455e+000
3.820672850533185e-004	9.535929e+000
3.845701155447837e-004	9.371139e+000
3.869717659923493e-004	9.210972e+000
3.888836478568424e-004	9.081971e+000
3.905858044492856e-004	8.965893e+000
3.925575616037886e-004	8.830123e+000
3.944077153689631e-004	8.701415e+000
3.969744196546405e-004	8.520968e+000
3.991212695819068e-004	8.368446e+000
4.013142481948447e-004	8.210834e+000
4.043656292483091e-004	7.988998e+000
4.071642723154686e-004	7.783107e+000
4.100536461226264e-004	7.567732e+000
4.139027058857325e-004	7.276469e+000
4.195610207335986e-004	6.839843e+000
4.283500832335989e-004	6.145903e+000
4.371391457335993e-004	5.434952e+000
4.459282082335996e-004	4.707256e+000
4.547172707335999e-004	3.965052e+000
4.635063332336003e-004	3.210623e+000
4.722953957336006e-004	2.447085e+000
4.771289997694767e-004	2.023661e+000
4.816062099387468e-004	1.629366e+000
4.839992489704655e-004	1.417969e+000
4.868093067117944e-004	1.169138e+000
4.910371756597556e-004	7.941819e-001
4.929749634247247e-004	6.221304e-001
4.956527303584769e-004	3.841777e-001
4.996322975153031e-004	3.042454e-002
5.032989463010515e-004	-2.954905e-001
5.073650123510031e-004	-6.566898e-001
5.112687519812130e-004	-1.003069e+000
5.146566330597154e-004	-1.303197e+000
5.178713174632862e-004	-1.587486e+000
5.201166430055656e-004	-1.785717e+000
5.217383556062180e-004	-1.928661e+000
5.233968032370001e-004	-2.074629e+000
5.249768120386585e-004	-2.213485e+000
5.266988385903030e-004	-2.364576e+000
5.283319108928845e-004	-2.507616e+000
5.299391617962545e-004	-2.648131e+000
5.316181173340775e-004	-2.794624e+000
5.333122741396886e-004	-2.942125e+000
5.351359830915500e-004	-3.100512e+000
5.372986080488624e-004	-3.287778e+000
5.398989559853469e-004	-3.512091e+000
5.432527468185100e-004	-3.799896e+000
5.477125575611220e-004	-4.179666e+000
5.542315629253700e-004	-4.728234e+000
5.630206254253704e-004	-5.455626e+000
5.718096879253707e-004	-6.167237e+000
5.805987504253710e-004	-6.859993e+000
5.893878129253714e-004	-7.531775e+000
5.981768754253717e-004	-8.180533e+000
6.069659379253720e-004	-8.804286e+000
6.157550004253724e-004	-9.401130e+000
6.245440629253727e-004	-9.974000e+000
6.278871578691463e-004	-1.018482e+001
6.290116492848226e-004	-1.025419e+001
6.295263769390659e-004	-1.028567e+001
6.298120532900612e-004	-1.030308e+001
6.300656381215686e-004	-1.031849e+001
6.303432551057692e-004	-1.033533e+001
6.306312714556986e-004	-1.035276e+001
6.309630517358153e-004	-1.037279e+001
6.313406211064729e-004	-1.039552e+001
6.318152813254126e-004	-1.042400e+001
6.324919347405781e-004	-1.046444e+001
6.334324569410759e-004	-1.052037e+001
6.344491579191990e-004	-1.058041e+001
6.357698345259557e-004	-1.065767e+001
6.377783668789164e-004	-1.077356e+001
6.410083794496872e-004	-1.095706e+001
6.424877626330858e-004	-1.103962e+001
6.434781322160960e-004	-1.109393e+001
6.446444916778440e-004	-1.115725e+001
6.455901324142928e-004	-1.120833e+001
6.463487439066244e-004	-1.124920e+001
6.469774283875008e-004	-1.128301e+001
6.477316817183332e-004	-1.132340e+001
6.484904845085061e-004	-1.136379e+001
6.487786938991248e-004	-1.137907e+001
6.491096946756965e-004	-1.139655e+001
6.495226628394071e-004	-1.141826e+001
6.498145826243180e-004	-1.143356e+001
6.501868405308225e-004	-1.145302e+001
6.505020265721809e-004	-1.146944e+001
6.508959304066886e-004	-1.148989e+001
6.512827015102609e-004	-1.150991e+001
6.517338964199702e-004	-1.153317e+001
6.522268993826436e-004	-1.155848e+001
6.527557919807090e-004	-1.158550e+001
6.534070471022821e-004	-1.161860e+001
6.539932253728266e-004	-1.164824e+001
6.547120200469814e-004	-1.168433e+001
6.556872315939969e-004	-1.173284e+001
6.574330926553849e-004	-1.181839e+001
6.604173342218394e-004	-1.196082e+001
6.655288488911148e-004	-1.219424e+001
6.730140477184165e-004	-1.251495e+001
6.806988535642588e-004	-1.282181e+001
6.840898657925996e-004	-1.294783e+001
6.875833626881168e-004	-1.306937e+001
6.916864856624672e-004	-1.320434e+001
6.954004458738427e-004	-1.331882e+001
6.999764439489494e-004	-1.344909e+001
7.055008530613954e-004	-1.359218e+001
7.110099751858508e-004	-1.371818e+001
7.179706680323075e-004	-1.385212e+001
7.267597305323078e-004	-1.398509e+001
7.355487930323082e-004	-1.407767e+001
7.443378555323085e-004	-1.412737e+001
7.531269180323088e-004	-1.413404e+001
7.619159805323092e-004	-1.409767e+001
7.707050430323095e-004	-1.401836e+001
7.794941055323098e-004	-1.389636e+001
7.882831680323102e-004	-1.373203e+001
7.970722305323105e-004	-1.352587e+001
8.058612930323108e-004	-1.328092e+001
8.125534850109330e-004	-1.306812e+001
8.181618375943198e-004	-1.287168e+001
8.220067142483186e-004	-1.272712e+001
8.260187377373872e-004	-1.256758e+001
8.298296338383575e-004	-1.240847e+001
8.341674919767460e-004	-1.221842e+001
8.388935438888023e-004	-1.200030e+001
8.455383271522201e-004	-1.167918e+001
8.481938300818276e-004	-1.154609e+001
8.496212237373967e-004	-1.147271e+001
8.503130271538505e-004	-1.143675e+001
8.508617738520628e-004	-1.140807e+001
8.513998748533912e-004	-1.137987e+001
8.519656494870983e-004	-1.135014e+001
8.525188270775688e-004	-1.132102e+001
8.531897963490473e-004	-1.128557e+001
8.540190184422704e-004	-1.124149e+001
8.550054625132125e-004	-1.118859e+001
8.558814428219442e-004	-1.114113e+001
8.567743067985200e-004	-1.109223e+001
8.577308925443996e-004	-1.103925e+001
8.589830348150179e-004	-1.096938e+001
8.595674879595949e-004	-1.093657e+001
8.604116187069045e-004	-1.088887e+001
8.612104173714268e-004	-1.084348e+001
8.622165233583383e-004	-1.078590e+001
8.633325723739014e-004	-1.072153e+001
8.645896548081077e-004	-1.064838e+001
8.661222165358721e-004	-1.055828e+001
8.678341971310368e-004	-1.045665e+001
8.687125849896260e-004	-1.040402e+001
8.697106697062194e-004	-1.034381e+001
8.700446484941242e-004	-1.032354e+001
8.705387107727294e-004	-1.029348e+001
8.707095472633144e-004	-1.028307e+001
8.709874539563076e-004	-1.026607e+001
8.712867429658856e-004	-1.024775e+001
8.716294797413001e-004	-1.022673e+001
8.720136657232687e-004	-1.020311e+001
8.724002435098518e-004	-1.017928e+001
8.729239827082206e-004	-1.014689e+001
8.735237599851974e-004	-1.010966e+001
8.744723870541616e-004	-1.005046e+001
8.756932884833339e-004	-9.973655e+000
8.779627347164773e-004	-9.829141e+000
8.814165264124365e-004	-9.605199e+000
8.865543966652921e-004	-9.263753e+000
8.929462617650744e-004	-8.825271e+000
9.017353242650747e-004	-8.200365e+000
9.105243867650751e-004	-7.552268e+000
9.193134492650754e-004	-6.881091e+000
9.281025117650757e-004	-6.188888e+000
9.368915742650761e-004	-5.477776e+000
9.456806367650764e-004	-4.749932e+000
9.544696992650767e-004	-4.007587e+000
9.632587617650771e-004	-3.253800e+000
9.691190592253851e-004	-2.745913e+000
9.716507826518948e-004	-2.525024e+000
9.739686343841593e-004	-2.322020e+000
9.760922224165856e-004	-2.135579e+000
9.783052935630728e-004	-1.940863e+000
9.804836079935070e-004	-1.748829e+000
9.827907209856426e-004	-1.545060e+000
9.853441685161411e-004	-1.319131e+000
9.884543023968937e-004	-1.043461e+000
9.932034906150900e-004	-6.218340e-001
1.000629574653903e-003	3.799300e-002
1.008620660872581e-003	7.473990e-001
1.017409723372581e-003	1.525095e+000
1.026198785872581e-003	2.299182e+000
1.029926348170040e-003	2.625659e+000
1.033467853491321e-003	2.934011e+000
1.038084181249778e-003	3.333688e+000
1.042544654630037e-003	3.717118e+000
1.048115705024989e-003	4.191606e+000
1.054305123095175e-003	4.712642e+000
1.061191862226971e-003	5.283553e+000
1.069261287775520e-003	5.939518e+000
1.078050350275520e-003	6.636838e+000
1.086839412775520e-003	7.314074e+000
1.095628475275521e-003	7.968792e+000
1.104417537775521e-003	8.602303e+000
1.108867941507790e-003	8.913637e+000
1.112339590923424e-003	9.150935e+000
1.114063845576333e-003	9.267242e+000
1.114723034040685e-003	9.311294e+000
1.115053218025096e-003	9.333247e+000
1.115260104080912e-003	9.347031e+000
1.115450319522184e-003	9.359680e+000
1.115671106577453e-003	9.374302e+000
1.115921179269054e-003	9.390855e+000
1.116410075459497e-003	9.423136e+000
1.117271107041957e-003	9.479743e+000
1.118663725904827e-003	9.570688e+000
1.120553839357218e-003	9.692948e+000
1.122916847975680e-003	9.844149e+000
1.124451218448404e-003	9.941153e+000
1.126360636738042e-003	1.006063e+001
1.126933447361473e-003	1.009617e+001
1.127489596786588e-003	1.013044e+001
1.128032899107153e-003	1.016378e+001
1.128532786652437e-003	1.019434e+001
1.129471211550210e-003	1.025141e+001
1.130788503044228e-003	1.033102e+001
1.131983675584683e-003	1.040262e+001
1.133828546505196e-003	1.051177e+001
1.136660323971251e-003	1.067722e+001
1.137901380622582e-003	1.074885e+001
1.138674066007490e-003	1.079303e+001
1.139051193150518e-003	1.081447e+001
1.139350119114171e-003	1.083141e+001
1.139621735947344e-003	1.084677e+001
1.139887841462877e-003	1.086177e+001
1.140166203753771e-003	1.087742e+001
1.140426208155587e-003	1.089199e+001
1.140695722649269e-003	1.090704e+001
1.140962387089275e-003	1.092186e+001
1.141248803119697e-003	1.093769e+001
1.141548193895529e-003	1.095414e+001
1.141888181410024e-003	1.097270e+001
1.142272929591254e-003	1.099358e+001
1.142746557678044e-003	1.101911e+001
1.143392530391155e-003	1.105376e+001
1.144376509499403e-003	1.110639e+001
1.145355308801670e-003	1.115888e+001
1.146083889865645e-003	1.119823e+001
1.146677179682597e-003	1.123048e+001
1.147277151700659e-003	1.126305e+001
1.147931191175434e-003	1.129810e+001
1.148214225431426e-003	1.131305e+001
1.148490371848929e-003	1.132767e+001
1.148848467535181e-003	1.134664e+001
1.149126872769694e-003	1.136125e+001
1.149452208123946e-003	1.137830e+001
1.149817578403415e-003	1.139742e+001
1.150199979518644e-003	1.141734e+001
1.150619299654683e-003	1.143912e+001
1.151061794170192e-003	1.146202e+001
1.151545830976600e-003	1.148696e+001
1.152071383804525e-003	1.151393e+001
1.152632917567609e-003	1.154260e+001
1.153265080040420e-003	1.157471e+001
1.153849999020430e-003	1.160424e+001
1.154677839391952e-003	1.164573e+001
1.155855743518917e-003	1.170410e+001
1.158211551772847e-003	1.181869e+001
1.161680314891585e-003	1.198171e+001
1.168617841129060e-003	1.228987e+001
1.177375835077253e-003	1.264893e+001
1.186164897577253e-003	1.297268e+001
1.194953960077253e-003	1.325690e+001
1.203743022577254e-003	1.350071e+001
1.212532085077254e-003	1.370338e+001
1.221321147577254e-003	1.386429e+001
1.230110210077255e-003	1.398297e+001
1.238899272577255e-003	1.405905e+001
1.247688335077255e-003	1.409230e+001
1.256477397577256e-003	1.408264e+001
1.265266460077256e-003	1.403008e+001
1.274055522577256e-003	1.393478e+001
1.282844585077257e-003	1.379703e+001
1.291633647577257e-003	1.361724e+001
1.300422710077257e-003	1.339594e+001
1.309211772577258e-003	1.313381e+001
1.318000835077258e-003	1.283163e+001
1.326789897577258e-003	1.249031e+001
1.335578960077259e-003	1.211088e+001
1.344368022577259e-003	1.169988e+001
1.347813638162293e-003	1.152953e+001
1.349598435736633e-003	1.143829e+001
1.350479138268629e-003	1.139268e+001
1.351074401732694e-003	1.136170e+001
1.351618138929855e-003	1.133338e+001
1.352206142800335e-003	1.130277e+001
1.352778542973782e-003	1.127300e+001
1.353442322026872e-003	1.123841e+001
1.354261009773530e-003	1.119540e+001
1.355610317335020e-003	1.112355e+001
1.356635747467137e-003	1.106806e+001
1.357320582650869e-003	1.103047e+001
1.357893082968214e-003	1.099862e+001
1.358320251901621e-003	1.097448e+001
1.358640922425782e-003	1.095623e+001
1.359017411636315e-003	1.093510e+001
1.359115090027493e-003	1.092986e+001
1.359205135920392e-003	1.092510e+001
1.359326555348003e-003	1.091842e+001
1.359504465294658e-003	1.090835e+001
1.359682739782015e-003	1.089829e+001
1.359816957815624e-003	1.089078e+001
1.359990657624360e-003	1.088103e+001
1.360166680305887e-003	1.087113e+001
1.360342655093967e-003	1.086121e+001
1.360527170537139e-003	1.085079e+001
1.360723662089559e-003	1.083969e+001
1.360913963463457e-003	1.082891e+001
1.361126120159342e-003	1.081688e+001
1.361341801160041e-003	1.080463e+001
1.361585361636628e-003	1.079077e+001
1.361847296366020e-003	1.077583e+001
1.362152474278369e-003	1.075840e+001
1.362503239827911e-003	1.073831e+001
1.362932836296864e-003	1.071362e+001
1.363468216422794e-003	1.068274e+001
1.364267066760063e-003	1.063641e+001
1.365638854427709e-003	1.055606e+001
1.368382429763002e-003	1.039238e+001
1.373869580433587e-003	1.005775e+001
1.376715822953995e-003	9.879806e+000
1.380266663338173e-003	9.652775e+000
1.382620095840749e-003	9.499693e+000
1.385402712294029e-003	9.315591e+000
1.388514057636417e-003	9.106441e+000
1.391776194662780e-003	8.883556e+000
1.394807784344969e-003	8.673127e+000
1.397708956835221e-003	8.468619e+000
1.401021311844365e-003	8.231316e+000
1.405528724773677e-003	7.901914e+000
1.412642661508327e-003	7.370183e+000
1.419282072427221e-003	6.860909e+000
1.428071134927221e-003	6.168198e+000
1.436860197427221e-003	5.457813e+000
1.445649259927222e-003	4.730615e+000
1.454438322427222e-003	3.988837e+000
1.463227384927222e-003	3.234760e+000
1.472016447427223e-003	2.471235e+000
1.478148951343482e-003	1.933921e+000
1.481901827348530e-003	1.603242e+000
1.485643286713506e-003	1.272398e+000
1.489577240682375e-003	9.236642e-001
1.495186786134080e-003	4.255110e-001
1.502293144509554e-003	-2.059306e-001
1.511080660588192e-003	-9.859568e-001
1.517666312021001e-003	-1.569170e+000
1.520735955468358e-003	-1.840262e+000
1.522518802040405e-003	-1.997344e+000
1.524162955966299e-003	-2.141960e+000
1.525739966649010e-003	-2.280454e+000
1.527336608534990e-003	-2.420434e+000
1.529187388067901e-003	-2.582386e+000
1.531163509856586e-003	-2.754903e+000
1.533623921610824e-003	-2.969071e+000
1.536577834165086e-003	-3.225189e+000
1.540520724493961e-003	-3.565122e+000
1.546003498825070e-003	-4.033522e+000
1.554602807969869e-003	-4.758452e+000
1.563391870469870e-003	-5.486009e+000
1.572180932969870e-003	-6.196867e+000
1.580969995469870e-003	-6.888779e+000
1.589759057969871e-003	-7.559630e+000
1.598548120469871e-003	-8.207372e+000
1.607337182969871e-003	-8.830026e+000
1.616126245469872e-003	-9.425693e+000
1.624915307969872e-003	-9.997795e+000
1.627710327860173e-003	-1.017362e+001
1.629960934177986e-003	-1.031195e+001
1.630637392755911e-003	-1.035307e+001
1.631237603653077e-003	-1.038928e+001
1.631789160082665e-003	-1.042241e+001
1.632383097139881e-003	-1.045792e+001
1.633366610823092e-003	-1.051643e+001
1.634386801183055e-003	-1.057671e+001
1.635676851058327e-003	-1.065224e+001
1.637585566397759e-003	-1.076245e+001
1.640951426468158e-003	-1.095379e+001
1.642519319721179e-003	-1.104131e+001
1.643532987547844e-003	-1.109688e+001
1.644719694345155e-003	-1.116129e+001
1.645624805037436e-003	-1.121017e+001
1.646382724655901e-003	-1.125100e+001
1.647011820785183e-003	-1.128483e+001
1.647763717484371e-003	-1.132508e+001
1.648516334015850e-003	-1.136514e+001
1.648826206828223e-003	-1.138155e+001
1.649160723081138e-003	-1.139920e+001
1.649572012547187e-003	-1.142082e+001
1.649879550479605e-003	-1.143693e+001
1.650253173089127e-003	-1.145645e+001
1.650585580914517e-003	-1.147375e+001
1.650984761619059e-003	-1.149447e+001
1.651387657096704e-003	-1.151530e+001
1.651846490810420e-003	-1.153893e+001
1.652355411733821e-003	-1.156503e+001
1.652895633659933e-003	-1.159260e+001
1.653550239872675e-003	-1.162583e+001
1.654158439147045e-003	-1.165652e+001
1.655013240182672e-003	-1.169932e+001
1.656254252948812e-003	-1.176080e+001
1.658217876641718e-003	-1.185625e+001
1.662071901721210e-003	-1.203771e+001
1.667986031913460e-003	-1.230160e+001
1.676775094413460e-003	-1.266437e+001
1.685564156913460e-003	-1.299161e+001
1.694353219413461e-003	-1.327929e+001
1.703142281913461e-003	-1.352651e+001
1.711931344413461e-003	-1.373254e+001
1.720720406913462e-003	-1.389675e+001
1.729509469413462e-003	-1.401862e+001
1.738298531913462e-003	-1.409781e+001
1.747087594413463e-003	-1.413405e+001
1.755876656913463e-003	-1.412726e+001
1.764665719413463e-003	-1.407743e+001
1.773454781913464e-003	-1.398474e+001
1.782243844413464e-003	-1.384945e+001
1.791032906913464e-003	-1.367197e+001
1.799821969413465e-003	-1.345285e+001
1.808611031913465e-003	-1.319276e+001
1.817400094413465e-003	-1.289248e+001
1.826189156913466e-003	-1.255292e+001
1.834978219413466e-003	-1.217514e+001
1.843767281913466e-003	-1.176577e+001
1.847148203926226e-003	-1.159907e+001
1.849329944066124e-003	-1.148767e+001
1.850266466512164e-003	-1.143913e+001
1.850867845707194e-003	-1.140772e+001
1.851409907091041e-003	-1.137931e+001
1.851996052004262e-003	-1.134852e+001
1.852543076873285e-003	-1.131972e+001
1.853235163298472e-003	-1.128314e+001
1.854059291068357e-003	-1.123931e+001
1.855035017022630e-003	-1.118697e+001
1.855907936001154e-003	-1.113965e+001
1.856806096580354e-003	-1.109045e+001
1.857763203282974e-003	-1.103743e+001
1.859037199532981e-003	-1.096631e+001
1.859640188088983e-003	-1.093245e+001
1.860466865069943e-003	-1.088571e+001
1.861298229935249e-003	-1.083844e+001
1.862300268729630e-003	-1.078106e+001
1.863436320164095e-003	-1.071549e+001
1.864710961139488e-003	-1.064126e+001
1.866256203087464e-003	-1.055033e+001
1.867985511679502e-003	-1.044756e+001
1.868912439496712e-003	-1.039196e+001
1.869833778856725e-003	-1.033629e+001
1.870304577737163e-003	-1.030769e+001
1.870740798453783e-003	-1.028112e+001
1.871004621905804e-003	-1.026501e+001
1.871264756279099e-003	-1.024907e+001
1.871785025025691e-003	-1.021713e+001
1.872324737312697e-003	-1.018389e+001
1.873095495687410e-003	-1.013620e+001
1.873997554865411e-003	-1.008005e+001
1.875624809062485e-003	-9.977806e+000
1.878166227256638e-003	-9.816094e+000
1.881273646001000e-003	-9.614651e+000
1.886430490604829e-003	-9.272123e+000
1.892618679850326e-003	-8.848118e+000
1.901407742350326e-003	-8.224020e+000
1.910196804850326e-003	-7.576822e+000
1.918985867350327e-003	-6.906469e+000
1.927774929850327e-003	-6.215012e+000
1.936563992350327e-003	-5.504566e+000
1.945353054850328e-003	-4.777306e+000
1.954142117350328e-003	-4.035461e+000
1.962931179850328e-003	-3.281306e+000
1.971720242350329e-003	-2.517999e+000
1.976394008520165e-003	-2.108877e+000
1.978813241766526e-003	-1.896073e+000
1.981157397081245e-003	-1.689320e+000
1.983603548821664e-003	-1.473154e+000
1.986264983369698e-003	-1.237539e+000
1.989708445745477e-003	-9.321425e-001
1.995770096131279e-003	-3.937718e-001
2.003380426987432e-003	2.823838e-001
2.011463936161643e-003	9.996368e-001
2.018120976174922e-003	1.588411e+000
2.024744092502645e-003	2.171707e+000
2.028940237187304e-003	2.539438e+000
2.033198367481651e-003	2.910608e+000
2.037178894830549e-003	3.255412e+000
2.043135062507325e-003	3.767430e+000
2.048573161219702e-003	4.230124e+000
2.056044176054385e-003	4.856810e+000
2.064710273710427e-003	5.570647e+000
2.073499336210427e-003	6.278022e+000
2.082288398710427e-003	6.966107e+000
2.091077461210428e-003	7.632740e+000
2.099866523710428e-003	8.276918e+000
2.107254849292388e-003	8.800696e+000
2.111917041233992e-003	9.122109e+000
2.113910420681438e-003	9.257109e+000
2.114300738079923e-003	9.283247e+000
2.114442455552272e-003	9.292547e+000
2.114512757054406e-003	9.297196e+000
2.114577658872676e-003	9.301577e+000
2.114670033550184e-003	9.307779e+000
2.114825155268700e-003	9.318135e+000
2.115018845468235e-003	9.331028e+000
2.115355757870991e-003	9.353405e+000
2.115814227109200e-003	9.383784e+000
2.116513574091448e-003	9.429962e+000
2.117559166457129e-003	9.498634e+000
2.119074374451663e-003	9.597353e+000
2.121365004158412e-003	9.745119e+000
2.123220434541681e-003	9.863536e+000
2.124598447918956e-003	9.950497e+000
2.126259005915959e-003	1.005425e+001
2.127372415217406e-003	1.012312e+001
2.128730899782459e-003	1.020631e+001
2.130178706482088e-003	1.029418e+001
2.131851954207438e-003	1.039443e+001
2.135198449658137e-003	1.059193e+001
2.137432523310555e-003	1.072180e+001
2.138694677983806e-003	1.079417e+001
2.139346846823743e-003	1.083123e+001
2.139669315580331e-003	1.084948e+001
2.139940114561570e-003	1.086475e+001
2.140195752159207e-003	1.087911e+001
2.140465966665077e-003	1.089424e+001
2.140727111322743e-003	1.090881e+001
2.141002902838933e-003	1.092413e+001
2.141282442123834e-003	1.093957e+001
2.141595348627982e-003	1.095675e+001
2.141931197053104e-003	1.097507e+001
2.142334152853573e-003	1.099691e+001
2.142813409008026e-003	1.102273e+001
2.143505925243866e-003	1.105985e+001
2.144577680061842e-003	1.111719e+001
2.145522036555535e-003	1.116789e+001
2.146193674783397e-003	1.120421e+001
2.146780300060823e-003	1.123612e+001
2.147404339936833e-003	1.126993e+001
2.148061860755659e-003	1.130504e+001
2.148317341591157e-003	1.131852e+001
2.148597829571323e-003	1.133338e+001
2.148941884599558e-003	1.135159e+001
2.149252325957423e-003	1.136785e+001
2.149595642100431e-003	1.138583e+001
2.149958640166587e-003	1.140481e+001
2.150339955665291e-003	1.142465e+001
2.150763592946726e-003	1.144663e+001
2.151227487796920e-003	1.147060e+001
2.151719484881095e-003	1.149591e+001
2.152264756652644e-003	1.152384e+001
2.152838820857041e-003	1.155310e+001
2.153484039482160e-003	1.158581e+001
2.154077623029599e-003	1.161572e+001
2.155018349836627e-003	1.166272e+001
2.156420218442584e-003	1.173188e+001
2.158948345741795e-003	1.185392e+001
2.171143410678538e-003	1.239678e+001
2.179932473178539e-003	1.274713e+001
2.188721535678539e-003	1.305950e+001
2.197510598178539e-003	1.333205e+001
2.206299660678540e-003	1.356396e+001
2.215088723178540e-003	1.375454e+001
2.223877785678540e-003	1.390321e+001
2.232666848178541e-003	1.400953e+001
2.241455910678541e-003	1.407317e+001
2.250244973178541e-003	1.409395e+001
2.259034035678542e-003	1.407180e+001
2.267823098178542e-003	1.400678e+001
2.276612160678542e-003	1.389910e+001
2.285401223178543e-003	1.374907e+001
2.294190285678543e-003	1.355714e+001
2.302979348178543e-003	1.332390e+001
2.311768410678544e-003	1.305003e+001
2.320557473178544e-003	1.273637e+001
2.329346535678544e-003	1.238385e+001
2.338135598178545e-003	1.199354e+001
2.346924660678545e-003	1.157211e+001
2.350244026380583e-003	1.140459e+001
2.351580889231484e-003	1.133535e+001
2.352281539258788e-003	1.129888e+001
2.352937623351894e-003	1.126474e+001
2.353617283964481e-003	1.122928e+001
2.354535602827692e-003	1.118095e+001
2.355670302211697e-003	1.112039e+001
2.356627939662426e-003	1.106853e+001
2.357338587567577e-003	1.102951e+001
2.357906488069845e-003	1.099790e+001
2.358324107182506e-003	1.097429e+001
2.358643876358344e-003	1.095610e+001
2.359020236689487e-003	1.093497e+001
2.359115037415711e-003	1.092988e+001
2.359205831599289e-003	1.092509e+001
2.359326564775784e-003	1.091845e+001
2.359499563744044e-003	1.090865e+001
2.359677371397124e-003	1.089862e+001
2.359810017715980e-003	1.089119e+001
2.359985345793977e-003	1.088136e+001
2.360158653218954e-003	1.087161e+001
2.360333072997193e-003	1.086178e+001
2.360517640042950e-003	1.085136e+001
2.360714778634364e-003	1.084022e+001
2.360903966708633e-003	1.082950e+001
2.361115949153506e-003	1.081748e+001
2.361330553452811e-003	1.080529e+001
2.361573190267665e-003	1.079149e+001
2.361833467193718e-003	1.077665e+001
2.362136514794911e-003	1.075934e+001
2.362484222007376e-003	1.073942e+001
2.362959907223624e-003	1.071208e+001
2.363636510694269e-003	1.067302e+001
2.364724747178686e-003	1.060969e+001
2.366780988055050e-003	1.048834e+001
2.370893469807777e-003	1.024113e+001
2.374083140565709e-003	1.004525e+001
2.376752150574380e-003	9.877701e+000
2.379888257576977e-003	9.677303e+000
2.382356985933117e-003	9.516905e+000
2.385233198561773e-003	9.326771e+000
2.388750955374637e-003	9.089520e+000
2.394469676979797e-003	8.695463e+000
2.398681897397557e-003	8.398756e+000
2.402931608665174e-003	8.092510e+000
2.408168814122345e-003	7.706605e+000
2.414840846718159e-003	7.203232e+000
2.421935477527117e-003	6.654028e+000
2.430724540027117e-003	5.955664e+000
2.439513602527118e-003	5.239971e+000
2.448302665027118e-003	4.508133e+000
2.457091727527118e-003	3.762400e+000
2.465880790027119e-003	3.005065e+000
2.474669852527119e-003	2.239139e+000
2.479671579074442e-003	1.799938e+000
2.483378133539032e-003	1.472812e+000
2.487584136699002e-003	1.100461e+000
2.491705675522475e-003	7.347476e-001
2.499948753169423e-003	2.362350e-003
2.508220270101556e-003	-7.321192e-001
2.517009332601556e-003	-1.510848e+000
2.521471686141006e-003	-1.905032e+000
2.523188349341043e-003	-2.056239e+000
2.524677583323651e-003	-2.187149e+000
2.526429147708851e-003	-2.340875e+000
2.528025211325165e-003	-2.480716e+000
2.529687996922743e-003	-2.626121e+000
2.531609421908942e-003	-2.793769e+000
2.533859474016196e-003	-2.989548e+000
2.536630819732261e-003	-3.229808e+000
2.540169928469692e-003	-3.535066e+000
2.545028561033983e-003	-3.950855e+000
2.552290115819582e-003	-4.564958e+000
2.561079178319582e-003	-5.296053e+000
2.569868240819583e-003	-6.011538e+000
2.578657303319583e-003	-6.708642e+000
2.587446365819583e-003	-7.385238e+000
2.596235428319584e-003	-8.039255e+000
2.605024490819584e-003	-8.668697e+000
2.613813553319584e-003	-9.271645e+000
2.622602615819585e-003	-9.850089e+000
2.626961703296307e-003	-1.012693e+001
2.629240011745119e-003	-1.026783e+001
2.630610737878941e-003	-1.035139e+001
2.631136076513231e-003	-1.038315e+001
2.631602577634293e-003	-1.041120e+001
2.632075720296220e-003	-1.043953e+001
2.633022005620071e-003	-1.049594e+001
2.634037861894239e-003	-1.055612e+001
2.635137136694461e-003	-1.062071e+001
2.636792759655327e-003	-1.071688e+001
2.639412625392586e-003	-1.086716e+001
2.640872103452636e-003	-1.094977e+001
2.641941737189882e-003	-1.100950e+001
2.642756393067137e-003	-1.105445e+001
2.643691644922197e-003	-1.110553e+001
2.644656255519452e-003	-1.115786e+001
2.645410507011566e-003	-1.119860e+001
2.646120388498168e-003	-1.123685e+001
2.646810692321706e-003	-1.127399e+001
2.647478429561295e-003	-1.130981e+001
2.648199939272291e-003	-1.134831e+001
2.648561943954806e-003	-1.136755e+001
2.648903219686350e-003	-1.138560e+001
2.649361019312138e-003	-1.140971e+001
2.649697642201476e-003	-1.142738e+001
2.650074194189060e-003	-1.144708e+001
2.650438640301787e-003	-1.146608e+001
2.650837970415008e-003	-1.148683e+001
2.651314752533667e-003	-1.151150e+001
2.651755782382845e-003	-1.153424e+001
2.652282370953402e-003	-1.156126e+001
2.652832274930045e-003	-1.158934e+001
2.653428382133031e-003	-1.161963e+001
2.654081712926245e-003	-1.165263e+001
2.654881117354669e-003	-1.169269e+001
2.656209956147168e-003	-1.175861e+001
2.657876317661994e-003	-1.183988e+001
2.661209040691646e-003	-1.199785e+001
2.666564856717964e-003	-1.223967e+001
2.675026633382255e-003	-1.259496e+001
2.683815695882256e-003	-1.292961e+001
2.692604758382256e-003	-1.322601e+001
2.700715634989298e-003	-1.346310e+001
2.709504697489299e-003	-1.367979e+001
2.718293759989299e-003	-1.385559e+001
2.727082822489299e-003	-1.398920e+001
2.735871884989300e-003	-1.408020e+001
2.744660947489300e-003	-1.412832e+001
2.753450009989300e-003	-1.413341e+001
2.762239072489301e-003	-1.409546e+001
2.771028134989301e-003	-1.401457e+001
2.779817197489301e-003	-1.389101e+001
2.788606259989302e-003	-1.372513e+001
2.797395322489302e-003	-1.351745e+001
2.806184384989302e-003	-1.326859e+001
2.814973447489303e-003	-1.297932e+001
2.823762509989303e-003	-1.265051e+001
2.832551572489303e-003	-1.228318e+001
2.841340634989304e-003	-1.188182e+001
2.846810823085289e-003	-1.161571e+001
2.848895043531346e-003	-1.151010e+001
2.850036889519157e-003	-1.145106e+001
2.850655523875449e-003	-1.141881e+001
2.851198342661256e-003	-1.139038e+001
2.851735768075210e-003	-1.136217e+001
2.852289621672487e-003	-1.133304e+001
2.852907622591192e-003	-1.130045e+001
2.853643152197868e-003	-1.126144e+001
2.854832849000016e-003	-1.119781e+001
2.855706598118445e-003	-1.115059e+001
2.856536811890412e-003	-1.110524e+001
2.857481220282943e-003	-1.105306e+001
2.858743826369000e-003	-1.098274e+001
2.859265318763004e-003	-1.095353e+001
2.859935748870278e-003	-1.091574e+001
2.860690509612228e-003	-1.087301e+001
2.861510431819102e-003	-1.082631e+001
2.862512141826068e-003	-1.076885e+001
2.863621775316204e-003	-1.070471e+001
2.864987792799954e-003	-1.062500e+001
2.866609861748902e-003	-1.052946e+001
2.867731570001987e-003	-1.046277e+001
2.868818112337371e-003	-1.039759e+001
2.869893544337178e-003	-1.033259e+001
2.870570722373326e-003	-1.029147e+001
2.870879350530032e-003	-1.027263e+001
2.871185299702967e-003	-1.025390e+001
2.871614757273409e-003	-1.022757e+001
2.872038471475017e-003	-1.020151e+001
2.872773276977306e-003	-1.015612e+001
2.873726041258315e-003	-1.009692e+001
2.875362145961725e-003	-9.994294e+000
2.877989501920739e-003	-9.827238e+000
2.881506461938469e-003	-9.599398e+000
2.886181213912882e-003	-9.289001e+000
2.892568097378437e-003	-8.851440e+000
2.901357159878437e-003	-8.227647e+000
2.910146222378438e-003	-7.580588e+000
2.918935284878438e-003	-6.910362e+000
2.927724347378438e-003	-6.219020e+000
2.936513409878439e-003	-5.508677e+000
2.945302472378439e-003	-4.781508e+000
2.954091534878439e-003	-4.039741e+000
2.962880597378440e-003	-3.285650e+000
2.971669659878440e-003	-2.522453e+000
2.976077360390253e-003	-2.136699e+000
2.978480595472040e-003	-1.925353e+000
2.980789379806561e-003	-1.721780e+000
2.983202422727376e-003	-1.508602e+000
2.985794656764337e-003	-1.279178e+000
2.989068622644229e-003	-9.889004e-001
2.994348378969412e-003	-5.200915e-001
3.000000000000001e-003	-1.783286e-002
