time	V(n002)-5.4261mV
0.000000000000000e+000	2.229576e-006
5.930000000028968e-006	1.054342e-002
1.193000000005839e-005	2.119407e-002
1.793000000008781e-005	3.181461e-002
2.393000000011723e-005	4.238993e-002
2.993000000014665e-005	5.290499e-002
3.593000000017606e-005	6.334488e-002
4.193000000020548e-005	7.369477e-002
4.793000000023490e-005	8.393989e-002
5.393000000026432e-005	9.406574e-002
5.993000000029374e-005	1.040579e-001
6.078428571458364e-005	1.054690e-001
6.163857142887355e-005	1.068770e-001
6.249285714316345e-005	1.082818e-001
6.334714285745335e-005	1.096834e-001
6.420142857174326e-005	1.110820e-001
6.505571428603316e-005	1.124774e-001
6.591000000032306e-005	1.138696e-001
6.593000000032316e-005	1.139022e-001
7.193000000035258e-005	1.235846e-001
7.793000000038200e-005	1.330914e-001
8.393000000041142e-005	1.424091e-001
8.993000000044084e-005	1.515244e-001
9.593000000047026e-005	1.604243e-001
1.019300000004997e-004	1.690963e-001
1.079300000005291e-004	1.775279e-001
1.139300000005585e-004	1.857073e-001
1.199300000005879e-004	1.936228e-001
1.259300000006174e-004	2.012632e-001
1.319300000006468e-004	2.086175e-001
1.379300000006762e-004	2.156753e-001
1.439300000007056e-004	2.224267e-001
1.499300000007350e-004	2.288620e-001
1.559300000007645e-004	2.349720e-001
1.619300000007939e-004	2.407481e-001
1.679300000008233e-004	2.461822e-001
1.739300000008527e-004	2.512663e-001
1.799300000008821e-004	2.559934e-001
1.859300000009116e-004	2.603567e-001
1.919300000009410e-004	2.643500e-001
1.979300000009704e-004	2.679677e-001
2.039300000009998e-004	2.712046e-001
2.099300000010292e-004	2.740561e-001
2.159300000010586e-004	2.765181e-001
2.219300000010881e-004	2.785871e-001
2.279300000011175e-004	2.802603e-001
2.339300000011469e-004	2.815352e-001
2.399300000011763e-004	2.824100e-001
2.459300000012057e-004	2.828834e-001
2.519300000012352e-004	2.829549e-001
2.579300000012646e-004	2.826243e-001
2.639300000012940e-004	2.818921e-001
2.699300000013234e-004	2.807593e-001
2.759300000013528e-004	2.792274e-001
2.819300000013823e-004	2.772988e-001
2.879300000014117e-004	2.749761e-001
2.939300000014411e-004	2.722627e-001
2.999300000014705e-004	2.691624e-001
3.059300000014999e-004	2.656795e-001
3.119300000015294e-004	2.618191e-001
3.179300000015588e-004	2.575866e-001
3.239300000015882e-004	2.529881e-001
3.299300000016176e-004	2.480301e-001
3.359300000016470e-004	2.427196e-001
3.419300000016765e-004	2.370642e-001
3.479300000017059e-004	2.310719e-001
3.539300000017353e-004	2.247512e-001
3.599300000017647e-004	2.181112e-001
3.659300000017941e-004	2.111612e-001
3.719300000018235e-004	2.039111e-001
3.779300000018530e-004	1.963712e-001
3.839300000018824e-004	1.885523e-001
3.899300000019118e-004	1.804654e-001
3.959300000019412e-004	1.721221e-001
4.019300000019706e-004	1.635341e-001
4.079300000020001e-004	1.547138e-001
4.139300000020295e-004	1.456736e-001
4.199300000020589e-004	1.364264e-001
4.259300000020883e-004	1.269853e-001
4.319300000021177e-004	1.173638e-001
4.327842857164076e-004	1.159799e-001
4.336385714306975e-004	1.145927e-001
4.344928571449875e-004	1.132023e-001
4.353471428592774e-004	1.118087e-001
4.362014285735673e-004	1.104118e-001
4.370557142878572e-004	1.090117e-001
4.379100000021471e-004	1.076083e-001
4.379300000021472e-004	1.075754e-001
4.439300000021766e-004	9.763423e-002
4.499300000022060e-004	8.755428e-002
4.559300000022354e-004	7.734990e-002
4.619300000022648e-004	6.703560e-002
4.679300000022943e-004	5.662602e-002
4.739300000023237e-004	4.613598e-002
4.799300000023531e-004	3.558037e-002
4.859300000023825e-004	2.497419e-002
4.919300000024119e-004	1.433252e-002
4.979300000024414e-004	3.670478e-003
4.986728571453021e-004	2.349670e-003
4.994157142881629e-004	1.028884e-003
5.001585714310237e-004	-2.918813e-004
5.009014285738845e-004	-1.612625e-003
5.016442857167453e-004	-2.933348e-003
5.023871428596061e-004	-4.254050e-003
5.031300000024669e-004	-5.574731e-003
5.039300000024708e-004	-6.996793e-003
5.099300000025002e-004	-1.765413e-002
5.159300000025296e-004	-2.828637e-002
5.219300000025590e-004	-3.887844e-002
5.279300000025885e-004	-4.941526e-002
5.339300000026179e-004	-5.988186e-002
5.399300000026473e-004	-7.026335e-002
5.459300000026767e-004	-8.054502e-002
5.519300000027061e-004	-9.071224e-002
5.527842857169960e-004	-9.214981e-002
5.536385714312859e-004	-9.358462e-002
5.544928571455758e-004	-9.501667e-002
5.553471428598657e-004	-9.644597e-002
5.562014285741556e-004	-9.787251e-002
5.570557142884455e-004	-9.929629e-002
5.579100000027355e-004	-1.007173e-001
5.579300000027355e-004	-1.007505e-001
5.639300000027650e-004	-1.106457e-001
5.647842857170549e-004	-1.120422e-001
5.656385714313448e-004	-1.134354e-001
5.664928571456347e-004	-1.148253e-001
5.673471428599246e-004	-1.162118e-001
5.682014285742145e-004	-1.175950e-001
5.690557142885044e-004	-1.189749e-001
5.699100000027943e-004	-1.203514e-001
5.699300000027944e-004	-1.203836e-001
5.707842857170843e-004	-1.217566e-001
5.716385714313742e-004	-1.231260e-001
5.724928571456641e-004	-1.244918e-001
5.733471428599540e-004	-1.258540e-001
5.742014285742439e-004	-1.272125e-001
5.750557142885338e-004	-1.285675e-001
5.759100000028237e-004	-1.299189e-001
5.759300000028238e-004	-1.299505e-001
5.819300000028532e-004	-1.393327e-001
5.879300000028826e-004	-1.485168e-001
5.939300000029121e-004	-1.574900e-001
5.999300000029415e-004	-1.662394e-001
6.059300000029709e-004	-1.747525e-001
6.119300000030003e-004	-1.830173e-001
6.179300000030297e-004	-1.910220e-001
6.239300000030592e-004	-1.987553e-001
6.299300000030886e-004	-2.062061e-001
6.359300000031180e-004	-2.133639e-001
6.419300000031474e-004	-2.202185e-001
6.479300000031768e-004	-2.267602e-001
6.539300000032063e-004	-2.329797e-001
6.599300000032357e-004	-2.388680e-001
6.659300000032651e-004	-2.444170e-001
6.719300000032945e-004	-2.496186e-001
6.779300000033239e-004	-2.544655e-001
6.839300000033534e-004	-2.589508e-001
6.899300000033828e-004	-2.630681e-001
6.959300000034122e-004	-2.668115e-001
7.019300000034416e-004	-2.701759e-001
7.079300000034710e-004	-2.731563e-001
7.139300000035005e-004	-2.757485e-001
7.199300000035299e-004	-2.779489e-001
7.259300000035593e-004	-2.797543e-001
7.319300000035887e-004	-2.811622e-001
7.379300000036181e-004	-2.821705e-001
7.439300000036475e-004	-2.827779e-001
7.499300000036770e-004	-2.829834e-001
7.559300000037064e-004	-2.827868e-001
7.619300000037358e-004	-2.821883e-001
7.679300000037652e-004	-2.811888e-001
7.739300000037946e-004	-2.797898e-001
7.799300000038241e-004	-2.779932e-001
7.859300000038535e-004	-2.758015e-001
7.919300000038829e-004	-2.732179e-001
7.979300000039123e-004	-2.702460e-001
8.039300000039417e-004	-2.668901e-001
8.099300000039712e-004	-2.631550e-001
8.159300000040006e-004	-2.590459e-001
8.219300000040300e-004	-2.545687e-001
8.279300000040594e-004	-2.497297e-001
8.339300000040888e-004	-2.445359e-001
8.399300000041183e-004	-2.389945e-001
8.459300000041477e-004	-2.331136e-001
8.519300000041771e-004	-2.269014e-001
8.579300000042065e-004	-2.203668e-001
8.639300000042359e-004	-2.135190e-001
8.699300000042654e-004	-2.063677e-001
8.759300000042948e-004	-1.989233e-001
8.819300000043242e-004	-1.911961e-001
8.879300000043536e-004	-1.831973e-001
8.939300000043830e-004	-1.749381e-001
8.999300000044124e-004	-1.664303e-001
9.059300000044419e-004	-1.576861e-001
9.119300000044713e-004	-1.487178e-001
9.179300000045007e-004	-1.395381e-001
9.239300000045301e-004	-1.301601e-001
9.247842857188200e-004	-1.288094e-001
9.256385714331099e-004	-1.274551e-001
9.264928571473998e-004	-1.260972e-001
9.273471428616897e-004	-1.247357e-001
9.282014285759796e-004	-1.233705e-001
9.290557142902695e-004	-1.220018e-001
9.299100000045594e-004	-1.206294e-001
9.299300000045595e-004	-1.205972e-001
9.307842857188494e-004	-1.192213e-001
9.316385714331394e-004	-1.178420e-001
9.324928571474293e-004	-1.164594e-001
9.333471428617192e-004	-1.150735e-001
9.342014285760091e-004	-1.136842e-001
9.350557142902990e-004	-1.122916e-001
9.359100000045889e-004	-1.108957e-001
9.359300000045890e-004	-1.108629e-001
9.419300000046184e-004	-1.009711e-001
9.427842857189083e-004	-9.955060e-002
9.436385714331982e-004	-9.812733e-002
9.444928571474881e-004	-9.670129e-002
9.453471428617780e-004	-9.527249e-002
9.462014285760679e-004	-9.384092e-002
9.470557142903578e-004	-9.240658e-002
9.479100000046477e-004	-9.096948e-002
9.479300000046478e-004	-9.093580e-002
9.539300000046685e-004	-8.077127e-002
9.599300000046329e-004	-7.049199e-002
9.659300000045973e-004	-6.011253e-002
9.719300000045616e-004	-4.964764e-002
9.779300000045260e-004	-3.911221e-002
9.839300000044904e-004	-2.852120e-002
9.899300000044548e-004	-1.788966e-002
9.959300000044191e-004	-7.232711e-003
9.964385714329876e-004	-6.328702e-003
9.969471428615559e-004	-5.424652e-003
9.974557142901244e-004	-4.520560e-003
9.979642857186927e-004	-3.616426e-003
9.984728571472612e-004	-2.712251e-003
9.989814285758295e-004	-1.808033e-003
9.994900000043980e-004	-9.037741e-004
1.001930000004384e-003	3.434507e-003
1.007930000004348e-003	1.409684e-002
1.013930000004312e-003	2.473913e-002
1.019930000004277e-003	3.534628e-002
1.025930000004241e-003	4.590317e-002
1.031930000004205e-003	5.639485e-002
1.037930000004170e-003	6.680637e-002
1.043930000004134e-003	7.712296e-002
1.049930000004098e-003	8.732993e-002
1.055930000004063e-003	9.741280e-002
1.061930000004027e-003	1.073573e-001
1.062784285718308e-003	1.087612e-001
1.063638571432589e-003	1.101619e-001
1.064492857146869e-003	1.115593e-001
1.065347142861150e-003	1.129535e-001
1.066201428575430e-003	1.143445e-001
1.067055714289711e-003	1.157322e-001
1.067910000003992e-003	1.171168e-001
1.067930000003992e-003	1.171491e-001
1.073930000003956e-003	1.267745e-001
1.079930000003920e-003	1.362197e-001
1.085930000003885e-003	1.454714e-001
1.091930000003849e-003	1.545163e-001
1.097930000003813e-003	1.633417e-001
1.103930000003778e-003	1.719349e-001
1.109930000003742e-003	1.802838e-001
1.115930000003707e-003	1.883765e-001
1.121930000003671e-003	1.962015e-001
1.127930000003635e-003	2.037477e-001
1.133930000003600e-003	2.110043e-001
1.139930000003564e-003	2.179611e-001
1.145930000003528e-003	2.246081e-001
1.151930000003493e-003	2.309360e-001
1.157930000003457e-003	2.369357e-001
1.163930000003421e-003	2.425987e-001
1.169930000003386e-003	2.479169e-001
1.175930000003350e-003	2.528828e-001
1.181930000003315e-003	2.574894e-001
1.187930000003279e-003	2.617300e-001
1.193930000003243e-003	2.655987e-001
1.199930000003208e-003	2.690900e-001
1.205930000003172e-003	2.721989e-001
1.211930000003136e-003	2.749209e-001
1.217930000003101e-003	2.772524e-001
1.223930000003065e-003	2.791897e-001
1.229930000003029e-003	2.807304e-001
1.235930000002994e-003	2.818721e-001
1.241930000002958e-003	2.826132e-001
1.247930000002923e-003	2.829527e-001
1.253930000002887e-003	2.828902e-001
1.259930000002851e-003	2.824256e-001
1.265930000002816e-003	2.815597e-001
1.271930000002780e-003	2.802937e-001
1.277930000002744e-003	2.786293e-001
1.283930000002709e-003	2.765690e-001
1.289930000002673e-003	2.741157e-001
1.295930000002638e-003	2.712728e-001
1.301930000002602e-003	2.680445e-001
1.307930000002566e-003	2.644352e-001
1.313930000002531e-003	2.604501e-001
1.319930000002495e-003	2.560950e-001
1.325930000002459e-003	2.513759e-001
1.331930000002424e-003	2.462996e-001
1.337930000002388e-003	2.408732e-001
1.343930000002352e-003	2.351046e-001
1.349930000002317e-003	2.290019e-001
1.355930000002281e-003	2.225737e-001
1.361930000002246e-003	2.158292e-001
1.367930000002210e-003	2.087781e-001
1.373930000002174e-003	2.014302e-001
1.379930000002139e-003	1.937961e-001
1.385930000002103e-003	1.858866e-001
1.391930000002067e-003	1.777130e-001
1.397930000002032e-003	1.692868e-001
1.403930000001996e-003	1.606200e-001
1.409930000001960e-003	1.517250e-001
1.415930000001925e-003	1.426143e-001
1.421930000001889e-003	1.333010e-001
1.427930000001854e-003	1.237983e-001
1.433930000001818e-003	1.141196e-001
1.434784285716099e-003	1.127280e-001
1.435638571430379e-003	1.113331e-001
1.436492857144660e-003	1.099352e-001
1.437347142858940e-003	1.085341e-001
1.438201428573221e-003	1.071298e-001
1.439055714287502e-003	1.057224e-001
1.439910000001782e-003	1.043118e-001
1.439930000001782e-003	1.042788e-001
1.445930000001747e-003	9.428976e-002
1.451930000001711e-003	8.416673e-002
1.457930000001675e-003	7.392409e-002
1.463930000001640e-003	6.357639e-002
1.469930000001604e-003	5.313834e-002
1.475930000001569e-003	4.262478e-002
1.481930000001533e-003	3.205064e-002
1.487930000001497e-003	2.143096e-002
1.493930000001462e-003	1.078082e-002
1.499930000001426e-003	1.153438e-004
1.500418571429995e-003	-7.533648e-004
1.500907142858563e-003	-1.622045e-003
1.501395714287132e-003	-2.490697e-003
1.501884285715700e-003	-3.359321e-003
1.502372857144269e-003	-4.227916e-003
1.502861428572837e-003	-5.096483e-003
1.503350000001406e-003	-5.965022e-003
1.505930000001390e-003	-1.055029e-002
1.511930000001355e-003	-2.120095e-002
1.517930000001319e-003	-3.182147e-002
1.523930000001283e-003	-4.239679e-002
1.529930000001248e-003	-5.291187e-002
1.535930000001212e-003	-6.335175e-002
1.541930000001177e-003	-7.370161e-002
1.547930000001141e-003	-8.394674e-002
1.553930000001105e-003	-9.407258e-002
1.554784285715386e-003	-9.550387e-002
1.555638571429667e-003	-9.693231e-002
1.556492857143947e-003	-9.835789e-002
1.557347142858228e-003	-9.978062e-002
1.558201428572508e-003	-1.012005e-001
1.559055714286789e-003	-1.026175e-001
1.559910000001070e-003	-1.040317e-001
1.559930000001070e-003	-1.040648e-001
1.565930000001034e-003	-1.139090e-001
1.566784285715315e-003	-1.152979e-001
1.567638571429595e-003	-1.166834e-001
1.568492857143876e-003	-1.180655e-001
1.569347142858157e-003	-1.194441e-001
1.570201428572437e-003	-1.208193e-001
1.571055714286718e-003	-1.221911e-001
1.571910000000999e-003	-1.235595e-001
1.571930000000998e-003	-1.235915e-001
1.577930000000963e-003	-1.330983e-001
1.583930000000927e-003	-1.424159e-001
1.589930000000892e-003	-1.515312e-001
1.595930000000856e-003	-1.604312e-001
1.601930000000820e-003	-1.691031e-001
1.607930000000785e-003	-1.775348e-001
1.613930000000749e-003	-1.857142e-001
1.619930000000713e-003	-1.936297e-001
1.625930000000678e-003	-2.012700e-001
1.631930000000642e-003	-2.086243e-001
1.637930000000606e-003	-2.156822e-001
1.643930000000571e-003	-2.224335e-001
1.649930000000535e-003	-2.288688e-001
1.655930000000500e-003	-2.349789e-001
1.661930000000464e-003	-2.407550e-001
1.667930000000428e-003	-2.461890e-001
1.673930000000393e-003	-2.512732e-001
1.679930000000357e-003	-2.560003e-001
1.685930000000321e-003	-2.603636e-001
1.691930000000286e-003	-2.643569e-001
1.697930000000250e-003	-2.679746e-001
1.703930000000214e-003	-2.712114e-001
1.709930000000179e-003	-2.740629e-001
1.715930000000143e-003	-2.765249e-001
1.721930000000108e-003	-2.785939e-001
1.727930000000072e-003	-2.802671e-001
1.733930000000036e-003	-2.815420e-001
1.739930000000001e-003	-2.824168e-001
1.745929999999965e-003	-2.828903e-001
1.751929999999929e-003	-2.829617e-001
1.757929999999894e-003	-2.826311e-001
1.763929999999858e-003	-2.818988e-001
1.769929999999823e-003	-2.807660e-001
1.775929999999787e-003	-2.792342e-001
1.781929999999751e-003	-2.773056e-001
1.787929999999716e-003	-2.749829e-001
1.793929999999680e-003	-2.722694e-001
1.799929999999644e-003	-2.691691e-001
1.805929999999609e-003	-2.656862e-001
1.811929999999573e-003	-2.618258e-001
1.817929999999537e-003	-2.575933e-001
1.823929999999502e-003	-2.529948e-001
1.829929999999466e-003	-2.480367e-001
1.835929999999431e-003	-2.427262e-001
1.841929999999395e-003	-2.370708e-001
1.847929999999359e-003	-2.310785e-001
1.853929999999324e-003	-2.247578e-001
1.859929999999288e-003	-2.181177e-001
1.865929999999252e-003	-2.111677e-001
1.871929999999217e-003	-2.039175e-001
1.877929999999181e-003	-1.963776e-001
1.883929999999146e-003	-1.885587e-001
1.889929999999110e-003	-1.804718e-001
1.895929999999074e-003	-1.721284e-001
1.901929999999039e-003	-1.635405e-001
1.907929999999003e-003	-1.547201e-001
1.913929999998967e-003	-1.456799e-001
1.919929999998932e-003	-1.364327e-001
1.925929999998896e-003	-1.269916e-001
1.926784285713177e-003	-1.256323e-001
1.927638571427457e-003	-1.242694e-001
1.928492857141738e-003	-1.229031e-001
1.929347142856019e-003	-1.215332e-001
1.930201428570299e-003	-1.201598e-001
1.931055714284580e-003	-1.187828e-001
1.931909999998861e-003	-1.174024e-001
1.931929999998860e-003	-1.173700e-001
1.937929999998825e-003	-1.075817e-001
1.943929999998789e-003	-9.764047e-002
1.944784285713070e-003	-9.621331e-002
1.945638571427351e-003	-9.478348e-002
1.946492857141631e-003	-9.335098e-002
1.947347142855912e-003	-9.191581e-002
1.948201428570192e-003	-9.047798e-002
1.949055714284473e-003	-8.903748e-002
1.949909999998754e-003	-8.759431e-002
1.949929999998754e-003	-8.756050e-002
1.955929999998718e-003	-7.735610e-002
1.961929999998682e-003	-6.704178e-002
1.967929999998647e-003	-5.663220e-002
1.973929999998611e-003	-4.614214e-002
1.979929999998575e-003	-3.558652e-002
1.985929999998540e-003	-2.498032e-002
1.991929999998504e-003	-1.433865e-002
1.992681428569928e-003	-1.300408e-002
1.993432857141352e-003	-1.166930e-002
1.994184285712776e-003	-1.033430e-002
1.994935714284201e-003	-8.999086e-003
1.995687142855625e-003	-7.663657e-003
1.996438571427049e-003	-6.328013e-003
1.997189999998473e-003	-4.992154e-003
1.997929999998468e-003	-3.676589e-003
2.003929999998433e-003	6.990700e-003
2.009929999998397e-003	1.764803e-002
2.015929999998362e-003	2.828028e-002
2.021929999998326e-003	3.887236e-002
2.027929999998290e-003	4.940918e-002
2.033929999998255e-003	5.987578e-002
2.039929999998219e-003	7.025730e-002
2.045929999998183e-003	8.053895e-002
2.051929999998148e-003	9.070618e-002
2.057929999998112e-003	1.007445e-001
2.058784285712393e-003	1.021625e-001
2.059638571426673e-003	1.035776e-001
2.060492857140954e-003	1.049895e-001
2.061347142855235e-003	1.063984e-001
2.062201428569515e-003	1.078043e-001
2.063055714283796e-003	1.092071e-001
2.063909999998077e-003	1.106069e-001
2.063929999998077e-003	1.106396e-001
2.069929999998041e-003	1.203776e-001
2.075929999998005e-003	1.299444e-001
2.081929999997970e-003	1.393266e-001
2.087929999997934e-003	1.485108e-001
2.093929999997898e-003	1.574839e-001
2.099929999997863e-003	1.662333e-001
2.105929999997827e-003	1.747464e-001
2.111929999997791e-003	1.830112e-001
2.117929999997756e-003	1.910159e-001
2.123929999997720e-003	1.987492e-001
2.129929999997685e-003	2.062000e-001
2.135929999997649e-003	2.133579e-001
2.141929999997613e-003	2.202125e-001
2.147929999997578e-003	2.267541e-001
2.153929999997542e-003	2.329736e-001
2.159929999997506e-003	2.388620e-001
2.165929999997471e-003	2.444109e-001
2.171929999997435e-003	2.496125e-001
2.177929999997399e-003	2.544594e-001
2.183929999997364e-003	2.589447e-001
2.189929999997328e-003	2.630620e-001
2.195929999997293e-003	2.668055e-001
2.201929999997257e-003	2.701698e-001
2.207929999997221e-003	2.731502e-001
2.213929999997186e-003	2.757425e-001
2.219929999997150e-003	2.779428e-001
2.225929999997114e-003	2.797483e-001
2.231929999997079e-003	2.811561e-001
2.237929999997043e-003	2.821645e-001
2.243929999997008e-003	2.827718e-001
2.249929999996972e-003	2.829774e-001
2.255929999996936e-003	2.827808e-001
2.261929999996901e-003	2.821823e-001
2.267929999996865e-003	2.811829e-001
2.273929999996829e-003	2.797838e-001
2.279929999996794e-003	2.779872e-001
2.285929999996758e-003	2.757955e-001
2.291929999996722e-003	2.732119e-001
2.297929999996687e-003	2.702401e-001
2.303929999996651e-003	2.668842e-001
2.309929999996616e-003	2.631491e-001
2.315929999996580e-003	2.590400e-001
2.321929999996544e-003	2.545628e-001
2.327929999996509e-003	2.497239e-001
2.333929999996473e-003	2.445301e-001
2.339929999996437e-003	2.389888e-001
2.345929999996402e-003	2.331078e-001
2.351929999996366e-003	2.268957e-001
2.357929999996331e-003	2.203610e-001
2.363929999996295e-003	2.135132e-001
2.369929999996259e-003	2.063620e-001
2.375929999996224e-003	1.989176e-001
2.381929999996188e-003	1.911905e-001
2.387929999996152e-003	1.831917e-001
2.393929999996117e-003	1.749325e-001
2.399929999996081e-003	1.664248e-001
2.405929999996045e-003	1.576805e-001
2.411929999996010e-003	1.487122e-001
2.417929999995974e-003	1.395326e-001
2.423929999995939e-003	1.301546e-001
2.429929999995903e-003	1.205917e-001
2.435929999995867e-003	1.108575e-001
2.436784285710148e-003	1.094583e-001
2.437638571424428e-003	1.080560e-001
2.438492857138709e-003	1.066507e-001
2.439347142852990e-003	1.052423e-001
2.440201428567271e-003	1.038309e-001
2.441055714281551e-003	1.024164e-001
2.441909999995832e-003	1.009989e-001
2.441929999995832e-003	1.009657e-001
2.447929999995796e-003	9.093038e-002
2.453929999995760e-003	8.076587e-002
2.459929999995725e-003	7.048658e-002
2.465929999995689e-003	6.010714e-002
2.471929999995653e-003	4.964226e-002
2.477929999995618e-003	3.910684e-002
2.483929999995582e-003	2.851585e-002
2.489929999995547e-003	1.788433e-002
2.495929999995511e-003	7.227401e-003
2.501929999995475e-003	-3.439819e-003
2.502421428566901e-003	-4.313524e-003
2.502912857138326e-003	-5.187167e-003
2.503404285709752e-003	-6.060749e-003
2.503895714281178e-003	-6.934268e-003
2.504387142852604e-003	-7.807726e-003
2.504878571424029e-003	-8.681122e-003
2.505369999995455e-003	-9.554456e-003
2.507929999995440e-003	-1.410215e-002
2.513929999995404e-003	-2.474444e-002
2.519929999995368e-003	-3.535157e-002
2.525929999995333e-003	-4.590847e-002
2.531929999995297e-003	-5.640013e-002
2.537929999995262e-003	-6.681165e-002
2.543929999995226e-003	-7.712822e-002
2.549929999995190e-003	-8.733521e-002
2.550784285709471e-003	-8.877883e-002
2.551638571423751e-003	-9.021979e-002
2.552492857138032e-003	-9.165809e-002
2.553347142852313e-003	-9.309373e-002
2.554201428566594e-003	-9.452671e-002
2.555055714280874e-003	-9.595703e-002
2.555909999995155e-003	-9.738469e-002
2.555929999995155e-003	-9.741808e-002
2.561929999995119e-003	-1.073625e-001
2.567929999995083e-003	-1.171544e-001
2.568784285709364e-003	-1.185355e-001
2.569638571423645e-003	-1.199130e-001
2.570492857137925e-003	-1.212870e-001
2.571347142852206e-003	-1.226575e-001
2.572201428566487e-003	-1.240245e-001
2.573055714280767e-003	-1.253880e-001
2.573909999995048e-003	-1.267480e-001
2.573929999995048e-003	-1.267798e-001
2.579929999995012e-003	-1.362250e-001
2.585929999994976e-003	-1.454767e-001
2.591929999994941e-003	-1.545216e-001
2.597929999994905e-003	-1.633470e-001
2.603929999994870e-003	-1.719402e-001
2.609929999994834e-003	-1.802891e-001
2.615929999994798e-003	-1.883818e-001
2.621929999994763e-003	-1.962068e-001
2.627929999994727e-003	-2.037530e-001
2.633929999994691e-003	-2.110096e-001
2.639929999994656e-003	-2.179664e-001
2.645929999994620e-003	-2.246134e-001
2.651929999994585e-003	-2.309413e-001
2.657929999994549e-003	-2.369410e-001
2.663929999994513e-003	-2.426040e-001
2.669929999994478e-003	-2.479222e-001
2.675929999994442e-003	-2.528881e-001
2.681929999994406e-003	-2.574947e-001
2.687929999994371e-003	-2.617353e-001
2.693929999994335e-003	-2.656040e-001
2.699929999994299e-003	-2.690953e-001
2.705929999994264e-003	-2.722042e-001
2.711929999994228e-003	-2.749262e-001
2.717929999994193e-003	-2.772576e-001
2.723929999994157e-003	-2.791950e-001
2.729929999994121e-003	-2.807356e-001
2.735929999994086e-003	-2.818773e-001
2.741929999994050e-003	-2.826185e-001
2.747929999994014e-003	-2.829580e-001
2.753929999993979e-003	-2.828954e-001
2.759929999993943e-003	-2.824308e-001
2.765929999993907e-003	-2.815649e-001
2.771929999993872e-003	-2.802989e-001
2.777929999993836e-003	-2.786345e-001
2.783929999993801e-003	-2.765742e-001
2.789929999993765e-003	-2.741208e-001
2.795929999993729e-003	-2.712780e-001
2.801929999993694e-003	-2.680496e-001
2.807929999993658e-003	-2.644403e-001
2.813929999993622e-003	-2.604552e-001
2.819929999993587e-003	-2.561000e-001
2.825929999993551e-003	-2.513809e-001
2.831929999993516e-003	-2.463046e-001
2.837929999993480e-003	-2.408782e-001
2.843929999993444e-003	-2.351096e-001
2.849929999993409e-003	-2.290068e-001
2.855929999993373e-003	-2.225787e-001
2.861929999993337e-003	-2.158342e-001
2.867929999993302e-003	-2.087830e-001
2.873929999993266e-003	-2.014351e-001
2.879929999993230e-003	-1.938010e-001
2.885929999993195e-003	-1.858915e-001
2.891929999993159e-003	-1.777178e-001
2.897929999993124e-003	-1.692916e-001
2.903929999993088e-003	-1.606248e-001
2.909929999993052e-003	-1.517297e-001
2.915929999993017e-003	-1.426191e-001
2.921929999992981e-003	-1.333058e-001
2.927929999992945e-003	-1.238030e-001
2.928784285707226e-003	-1.224353e-001
2.929638571421507e-003	-1.210641e-001
2.930492857135787e-003	-1.196895e-001
2.931347142850068e-003	-1.183115e-001
2.932201428564349e-003	-1.169300e-001
2.933055714278629e-003	-1.155452e-001
2.933909999992910e-003	-1.141568e-001
2.933929999992910e-003	-1.141243e-001
2.939929999992874e-003	-1.042835e-001
2.940784285707155e-003	-1.028698e-001
2.941638571421435e-003	-1.014533e-001
2.942492857135716e-003	-1.000340e-001
2.943347142849997e-003	-9.861175e-002
2.944201428564277e-003	-9.718667e-002
2.945055714278558e-003	-9.575873e-002
2.945909999992839e-003	-9.432793e-002
2.945929999992838e-003	-9.429441e-002
2.951929999992803e-003	-8.417135e-002
2.957929999992767e-003	-7.392870e-002
2.963929999992732e-003	-6.358100e-002
2.969929999992696e-003	-5.314295e-002
2.975929999992660e-003	-4.262936e-002
2.981929999992625e-003	-3.205521e-002
2.987929999992589e-003	-2.143551e-002
2.993929999992553e-003	-1.078535e-002
2.994464285706836e-003	-9.835989e-003
2.994998571421118e-003	-8.886542e-003
2.995532857135401e-003	-7.937010e-003
2.996067142849684e-003	-6.987393e-003
2.996601428563966e-003	-6.037691e-003
2.997135714278249e-003	-5.087904e-003
2.997669999992531e-003	-4.138032e-003
2.999929999992518e-003	-1.198710e-004
3.005929999992482e-003	1.054578e-002
3.011929999992447e-003	2.119643e-002
3.017929999992411e-003	3.181697e-002
3.023929999992375e-003	4.239229e-002
3.029929999992340e-003	5.290736e-002
3.035929999992304e-003	6.334726e-002
3.041929999992268e-003	7.369712e-002
3.047929999992233e-003	8.394226e-002
3.053929999992197e-003	9.406810e-002
3.059929999992161e-003	1.040603e-001
3.060784285706442e-003	1.054714e-001
3.061638571420723e-003	1.068793e-001
3.062492857135003e-003	1.082841e-001
3.063347142849284e-003	1.096858e-001
3.064201428563565e-003	1.110843e-001
3.065055714277845e-003	1.124797e-001
3.065909999992126e-003	1.138720e-001
3.065929999992126e-003	1.139046e-001
3.071929999992090e-003	1.235870e-001
3.077929999992055e-003	1.330938e-001
3.083929999992019e-003	1.424114e-001
3.089929999991983e-003	1.515267e-001
3.095929999991948e-003	1.604267e-001
3.101929999991912e-003	1.690986e-001
3.107929999991876e-003	1.775303e-001
3.113929999991841e-003	1.857097e-001
3.119929999991805e-003	1.936252e-001
3.125929999991770e-003	2.012655e-001
3.131929999991734e-003	2.086198e-001
3.137929999991698e-003	2.156777e-001
3.143929999991663e-003	2.224290e-001
3.149929999991627e-003	2.288643e-001
3.155929999991591e-003	2.349744e-001
3.161929999991556e-003	2.407505e-001
3.167929999991520e-003	2.461845e-001
3.173929999991484e-003	2.512687e-001
3.179929999991449e-003	2.559958e-001
3.185929999991413e-003	2.603591e-001
3.191929999991378e-003	2.643524e-001
3.197929999991342e-003	2.679701e-001
3.203929999991306e-003	2.712070e-001
3.209929999991271e-003	2.740584e-001
3.215929999991235e-003	2.765204e-001
3.221929999991199e-003	2.785895e-001
3.227929999991164e-003	2.802626e-001
3.233929999991128e-003	2.815375e-001
3.239929999991092e-003	2.824123e-001
3.245929999991057e-003	2.828858e-001
3.251929999991021e-003	2.829573e-001
3.257929999990986e-003	2.826267e-001
3.263929999990950e-003	2.818944e-001
3.269929999990914e-003	2.807616e-001
3.275929999990879e-003	2.792298e-001
3.281929999990843e-003	2.773012e-001
3.287929999990807e-003	2.749785e-001
3.293929999990772e-003	2.722651e-001
3.299929999990736e-003	2.691647e-001
3.305929999990701e-003	2.656819e-001
3.311929999990665e-003	2.618215e-001
3.317929999990629e-003	2.575890e-001
3.323929999990594e-003	2.529905e-001
3.329929999990558e-003	2.480325e-001
3.335929999990522e-003	2.427220e-001
3.341929999990487e-003	2.370666e-001
3.347929999990451e-003	2.310743e-001
3.353929999990415e-003	2.247536e-001
3.359929999990380e-003	2.181135e-001
3.365929999990344e-003	2.111635e-001
3.371929999990309e-003	2.039134e-001
3.377929999990273e-003	1.963735e-001
3.383929999990237e-003	1.885546e-001
3.389929999990202e-003	1.804677e-001
3.395929999990166e-003	1.721244e-001
3.401929999990130e-003	1.635365e-001
3.407929999990095e-003	1.547161e-001
3.413929999990059e-003	1.456760e-001
3.419929999990024e-003	1.364288e-001
3.425929999989988e-003	1.269877e-001
3.431929999989952e-003	1.173661e-001
3.432784285704233e-003	1.159822e-001
3.433638571418513e-003	1.145951e-001
3.434492857132794e-003	1.132047e-001
3.435347142847075e-003	1.118110e-001
3.436201428561356e-003	1.104142e-001
3.437055714275636e-003	1.090140e-001
3.437909999989917e-003	1.076107e-001
3.437929999989917e-003	1.075778e-001
3.443929999989881e-003	9.763659e-002
3.449929999989845e-003	8.755664e-002
3.455929999989810e-003	7.735226e-002
3.461929999989774e-003	6.703796e-002
3.467929999989738e-003	5.662838e-002
3.473929999989703e-003	4.613834e-002
3.479929999989667e-003	3.558273e-002
3.485929999989632e-003	2.497656e-002
3.491929999989596e-003	1.433488e-002
3.497929999989560e-003	3.672834e-003
3.498684285703841e-003	2.331706e-003
3.499438571418123e-003	9.906003e-004
3.500192857132404e-003	-3.504834e-004
3.500947142846685e-003	-1.691545e-003
3.501701428560967e-003	-3.032584e-003
3.502455714275248e-003	-4.373601e-003
3.503209999989529e-003	-5.714596e-003
3.503929999989525e-003	-6.994445e-003
3.509929999989489e-003	-1.765177e-002
3.515929999989453e-003	-2.828401e-002
3.521929999989418e-003	-3.887607e-002
3.527929999989382e-003	-4.941289e-002
3.533929999989346e-003	-5.987950e-002
3.539929999989311e-003	-7.026099e-002
3.545929999989275e-003	-8.054267e-002
3.551929999989240e-003	-9.070989e-002
3.552784285703520e-003	-9.214745e-002
3.553638571417801e-003	-9.358227e-002
3.554492857132081e-003	-9.501432e-002
3.555347142846362e-003	-9.644362e-002
3.556201428560643e-003	-9.787016e-002
3.557055714274923e-003	-9.929394e-002
3.557909999989204e-003	-1.007150e-001
3.557929999989204e-003	-1.007482e-001
3.563929999989168e-003	-1.106433e-001
3.564784285703449e-003	-1.120399e-001
3.565638571417729e-003	-1.134330e-001
3.566492857132010e-003	-1.148229e-001
3.567347142846291e-003	-1.162094e-001
3.568201428560572e-003	-1.175926e-001
3.569055714274852e-003	-1.189725e-001
3.569909999989133e-003	-1.203491e-001
3.569929999989133e-003	-1.203813e-001
3.570784285703413e-003	-1.217543e-001
3.571638571417694e-003	-1.231236e-001
3.572492857131974e-003	-1.244894e-001
3.573347142846255e-003	-1.258516e-001
3.574201428560536e-003	-1.272102e-001
3.575055714274817e-003	-1.285652e-001
3.575909999989097e-003	-1.299165e-001
3.575929999989097e-003	-1.299481e-001
3.581929999989061e-003	-1.393303e-001
3.587929999989026e-003	-1.485145e-001
3.593929999988990e-003	-1.574876e-001
3.599929999988955e-003	-1.662370e-001
3.605929999988919e-003	-1.747501e-001
3.611929999988883e-003	-1.830149e-001
3.617929999988848e-003	-1.910196e-001
3.623929999988812e-003	-1.987529e-001
3.629929999988776e-003	-2.062037e-001
3.635929999988741e-003	-2.133616e-001
3.641929999988705e-003	-2.202162e-001
3.647929999988669e-003	-2.267579e-001
3.653929999988634e-003	-2.329773e-001
3.659929999988598e-003	-2.388657e-001
3.665929999988563e-003	-2.444146e-001
3.671929999988527e-003	-2.496162e-001
3.677929999988491e-003	-2.544631e-001
3.683929999988456e-003	-2.589484e-001
3.689929999988420e-003	-2.630657e-001
3.695929999988384e-003	-2.668092e-001
3.701929999988349e-003	-2.701735e-001
3.707929999988313e-003	-2.731539e-001
3.713929999988277e-003	-2.757462e-001
3.719929999988242e-003	-2.779466e-001
3.725929999988206e-003	-2.797520e-001
3.731929999988171e-003	-2.811598e-001
3.737929999988135e-003	-2.821682e-001
3.743929999988099e-003	-2.827755e-001
3.749929999988064e-003	-2.829810e-001
3.755929999988028e-003	-2.827844e-001
3.761929999987992e-003	-2.821860e-001
3.767929999987957e-003	-2.811865e-001
3.773929999987921e-003	-2.797874e-001
3.779929999987886e-003	-2.779908e-001
3.785929999987850e-003	-2.757991e-001
3.791929999987814e-003	-2.732155e-001
3.797929999987779e-003	-2.702437e-001
3.803929999987743e-003	-2.668878e-001
3.809929999987707e-003	-2.631527e-001
3.815929999987672e-003	-2.590435e-001
3.821929999987636e-003	-2.545663e-001
3.827929999987600e-003	-2.497274e-001
3.833929999987565e-003	-2.445335e-001
3.839929999987529e-003	-2.389922e-001
3.845929999987494e-003	-2.331113e-001
3.851929999987458e-003	-2.268990e-001
3.857929999987422e-003	-2.203644e-001
3.863929999987387e-003	-2.135166e-001
3.869929999987351e-003	-2.063654e-001
3.875929999987315e-003	-1.989209e-001
3.881929999987280e-003	-1.911938e-001
3.887929999987244e-003	-1.831949e-001
3.893929999987209e-003	-1.749357e-001
3.899929999987173e-003	-1.664280e-001
3.905929999987137e-003	-1.576837e-001
3.911929999987102e-003	-1.487154e-001
3.917929999987066e-003	-1.395357e-001
3.923929999987030e-003	-1.301578e-001
3.924784285701311e-003	-1.288071e-001
3.925638571415592e-003	-1.274528e-001
3.926492857129873e-003	-1.260949e-001
3.927347142844153e-003	-1.247333e-001
3.928201428558434e-003	-1.233682e-001
3.929055714272714e-003	-1.219994e-001
3.929909999986995e-003	-1.206270e-001
3.929929999986995e-003	-1.205949e-001
3.930784285701276e-003	-1.192189e-001
3.931638571415556e-003	-1.178397e-001
3.932492857129837e-003	-1.164571e-001
3.933347142844117e-003	-1.150711e-001
3.934201428558398e-003	-1.136819e-001
3.935055714272678e-003	-1.122892e-001
3.935909999986959e-003	-1.108933e-001
3.935929999986959e-003	-1.108606e-001
3.941929999986923e-003	-1.009688e-001
3.942784285701204e-003	-9.954824e-002
3.943638571415485e-003	-9.812497e-002
3.944492857129766e-003	-9.669893e-002
3.945347142844046e-003	-9.527013e-002
3.946201428558327e-003	-9.383856e-002
3.947055714272607e-003	-9.240422e-002
3.947909999986888e-003	-9.096712e-002
3.947929999986888e-003	-9.093346e-002
3.953929999986852e-003	-8.076893e-002
3.959929999986817e-003	-7.048964e-002
3.965929999986781e-003	-6.011018e-002
3.971929999986745e-003	-4.964528e-002
3.977929999986710e-003	-3.910985e-002
3.983929999986674e-003	-2.851884e-002
3.989929999986638e-003	-1.788731e-002
3.995929999986603e-003	-7.230362e-003
3.996481428558028e-003	-6.250163e-003
3.997032857129454e-003	-5.269919e-003
3.997584285700879e-003	-4.289629e-003
3.998135714272304e-003	-3.309293e-003
3.998687142843729e-003	-2.328912e-003
3.999238571415154e-003	-1.348485e-003
3.999789999986580e-003	-3.680121e-004
4.001929999986567e-003	3.436855e-003
4.007929999986531e-003	1.409919e-002
4.013929999986496e-003	2.474149e-002
4.019929999986460e-003	3.534863e-002
4.025929999986425e-003	4.590553e-002
4.031929999986389e-003	5.639720e-002
4.037929999986353e-003	6.680873e-002
4.043929999986318e-003	7.712530e-002
4.049929999986282e-003	8.733229e-002
4.055929999986246e-003	9.741517e-002
4.061929999986211e-003	1.073596e-001
4.062784285700492e-003	1.087635e-001
4.063638571414772e-003	1.101642e-001
4.064492857129053e-003	1.115617e-001
4.065347142843333e-003	1.129559e-001
4.066201428557614e-003	1.143468e-001
4.067055714271894e-003	1.157346e-001
4.067909999986175e-003	1.171191e-001
4.067929999986175e-003	1.171515e-001
4.073929999986140e-003	1.267769e-001
4.079929999986104e-003	1.362221e-001
4.085929999986068e-003	1.454738e-001
4.091929999986033e-003	1.545187e-001
4.097929999985997e-003	1.633440e-001
4.103929999985961e-003	1.719373e-001
4.109929999985926e-003	1.802862e-001
4.115929999985890e-003	1.883789e-001
4.121929999985854e-003	1.962039e-001
4.127929999985819e-003	2.037500e-001
4.133929999985783e-003	2.110067e-001
4.139929999985748e-003	2.179635e-001
4.145929999985712e-003	2.246105e-001
4.151929999985676e-003	2.309384e-001
4.157929999985641e-003	2.369380e-001
4.163929999985605e-003	2.426010e-001
4.169929999985569e-003	2.479193e-001
4.175929999985534e-003	2.528852e-001
4.181929999985498e-003	2.574917e-001
4.187929999985462e-003	2.617324e-001
4.193929999985427e-003	2.656011e-001
4.199929999985391e-003	2.690924e-001
4.205929999985356e-003	2.722012e-001
4.211929999985320e-003	2.749233e-001
4.217929999985284e-003	2.772547e-001
4.223929999985249e-003	2.791921e-001
4.229929999985213e-003	2.807327e-001
4.235929999985177e-003	2.818744e-001
4.241929999985142e-003	2.826156e-001
4.247929999985106e-003	2.829551e-001
4.253929999985071e-003	2.828925e-001
4.259929999985035e-003	2.824279e-001
4.265929999984999e-003	2.815620e-001
4.271929999984964e-003	2.802960e-001
4.277929999984928e-003	2.786317e-001
4.283929999984892e-003	2.765714e-001
4.289929999984857e-003	2.741180e-001
4.295929999984821e-003	2.712752e-001
4.301929999984785e-003	2.680468e-001
4.307929999984750e-003	2.644375e-001
4.313929999984714e-003	2.604525e-001
4.319929999984679e-003	2.560973e-001
4.325929999984643e-003	2.513782e-001
4.331929999984607e-003	2.463019e-001
4.337929999984572e-003	2.408756e-001
4.343929999984536e-003	2.351069e-001
4.349929999984500e-003	2.290042e-001
4.355929999984465e-003	2.225761e-001
4.361929999984429e-003	2.158316e-001
4.367929999984394e-003	2.087804e-001
4.373929999984358e-003	2.014326e-001
4.379929999984322e-003	1.937985e-001
4.385929999984287e-003	1.858890e-001
4.391929999984251e-003	1.777153e-001
4.397929999984215e-003	1.692891e-001
4.403929999984180e-003	1.606224e-001
4.409929999984144e-003	1.517273e-001
4.415929999984108e-003	1.426167e-001
4.421929999984073e-003	1.333034e-001
4.427929999984037e-003	1.238006e-001
4.433929999984002e-003	1.141220e-001
4.434784285698283e-003	1.127303e-001
4.435638571412563e-003	1.113355e-001
4.436492857126844e-003	1.099375e-001
4.437347142841124e-003	1.085364e-001
4.438201428555405e-003	1.071322e-001
4.439055714269685e-003	1.057248e-001
4.439909999983966e-003	1.043142e-001
4.439929999983966e-003	1.042811e-001
4.445929999983930e-003	9.429211e-002
4.451929999983895e-003	8.416908e-002
4.457929999983859e-003	7.392643e-002
4.463929999983823e-003	6.357874e-002
4.469929999983788e-003	5.314070e-002
4.475929999983752e-003	4.262713e-002
4.481929999983716e-003	3.205299e-002
4.487929999983681e-003	2.143332e-002
4.493929999983645e-003	1.078316e-002
4.499929999983610e-003	1.176936e-004
4.500409999983607e-003	-7.357752e-004
4.500889999983604e-003	-1.589217e-003
4.501369999983601e-003	-2.442630e-003
4.501849999983598e-003	-3.296017e-003
4.502329999983595e-003	-4.149376e-003
4.502809999983592e-003	-5.002708e-003
4.503289999983590e-003	-5.856012e-003
4.505929999983574e-003	-1.054795e-002
4.511929999983538e-003	-2.119860e-002
4.517929999983503e-003	-3.181914e-002
4.523929999983467e-003	-4.239445e-002
4.529929999983431e-003	-5.290952e-002
4.535929999983396e-003	-6.334940e-002
4.541929999983360e-003	-7.369926e-002
4.547929999983325e-003	-8.394438e-002
4.553929999983289e-003	-9.407023e-002
4.554784285697570e-003	-9.550152e-002
4.555638571411850e-003	-9.692996e-002
4.556492857126131e-003	-9.835554e-002
4.557347142840411e-003	-9.977827e-002
4.558201428554692e-003	-1.011981e-001
4.559055714268972e-003	-1.026152e-001
4.559909999983253e-003	-1.040293e-001
4.559929999983253e-003	-1.040624e-001
4.565929999983218e-003	-1.139067e-001
4.566784285697499e-003	-1.152956e-001
4.567638571411779e-003	-1.166811e-001
4.568492857126060e-003	-1.180631e-001
4.569347142840340e-003	-1.194417e-001
4.570201428554621e-003	-1.208170e-001
4.571055714268901e-003	-1.221887e-001
4.571909999983182e-003	-1.235571e-001
4.571929999983182e-003	-1.235891e-001
4.577929999983146e-003	-1.330959e-001
4.583929999983111e-003	-1.424136e-001
4.589929999983075e-003	-1.515289e-001
4.595929999983039e-003	-1.604288e-001
4.601929999983004e-003	-1.691008e-001
4.607929999982968e-003	-1.775324e-001
4.613929999982933e-003	-1.857118e-001
4.619929999982897e-003	-1.936273e-001
4.625929999982861e-003	-2.012677e-001
4.631929999982826e-003	-2.086220e-001
4.637929999982790e-003	-2.156798e-001
4.643929999982754e-003	-2.224312e-001
4.649929999982719e-003	-2.288665e-001
4.655929999982683e-003	-2.349765e-001
4.661929999982648e-003	-2.407527e-001
4.667929999982612e-003	-2.461867e-001
4.673929999982576e-003	-2.512708e-001
4.679929999982541e-003	-2.559979e-001
4.685929999982505e-003	-2.603612e-001
4.691929999982469e-003	-2.643546e-001
4.697929999982434e-003	-2.679722e-001
4.703929999982398e-003	-2.712091e-001
4.709929999982362e-003	-2.740605e-001
4.715929999982327e-003	-2.765226e-001
4.721929999982291e-003	-2.785916e-001
4.727929999982256e-003	-2.802648e-001
4.733929999982220e-003	-2.815396e-001
4.739929999982184e-003	-2.824144e-001
4.745929999982149e-003	-2.828879e-001
4.751929999982113e-003	-2.829594e-001
4.757929999982077e-003	-2.826288e-001
4.763929999982042e-003	-2.818965e-001
4.769929999982006e-003	-2.807637e-001
4.775929999981970e-003	-2.792318e-001
4.781929999981935e-003	-2.773032e-001
4.787929999981899e-003	-2.749805e-001
4.793929999981864e-003	-2.722671e-001
4.799929999981828e-003	-2.691667e-001
4.805929999981792e-003	-2.656839e-001
4.811929999981757e-003	-2.618234e-001
4.817929999981721e-003	-2.575910e-001
4.823929999981685e-003	-2.529924e-001
4.829929999981650e-003	-2.480344e-001
4.835929999981614e-003	-2.427239e-001
4.841929999981579e-003	-2.370684e-001
4.847929999981543e-003	-2.310761e-001
4.853929999981507e-003	-2.247554e-001
4.859929999981472e-003	-2.181153e-001
4.865929999981436e-003	-2.111653e-001
4.871929999981400e-003	-2.039152e-001
4.877929999981365e-003	-1.963753e-001
4.883929999981329e-003	-1.885563e-001
4.889929999981293e-003	-1.804694e-001
4.895929999981258e-003	-1.721261e-001
4.901929999981222e-003	-1.635381e-001
4.907929999981187e-003	-1.547178e-001
4.913929999981151e-003	-1.456776e-001
4.919929999981115e-003	-1.364303e-001
4.925929999981080e-003	-1.269893e-001
4.926784285695361e-003	-1.256299e-001
4.927638571409641e-003	-1.242671e-001
4.928492857123922e-003	-1.229007e-001
4.929347142838202e-003	-1.215308e-001
4.930201428552483e-003	-1.201574e-001
4.931055714266763e-003	-1.187805e-001
4.931909999981044e-003	-1.174000e-001
4.931929999981044e-003	-1.173677e-001
4.937929999981008e-003	-1.075793e-001
4.943929999980973e-003	-9.763811e-002
4.944784285695254e-003	-9.621096e-002
4.945638571409534e-003	-9.478113e-002
4.946492857123815e-003	-9.334864e-002
4.947347142838095e-003	-9.191347e-002
4.948201428552376e-003	-9.047564e-002
4.949055714266656e-003	-8.903513e-002
4.949909999980937e-003	-8.759195e-002
4.949929999980937e-003	-8.755814e-002
4.955929999980901e-003	-7.735374e-002
4.961929999980866e-003	-6.703943e-002
4.967929999980830e-003	-5.662985e-002
4.973929999980795e-003	-4.613980e-002
4.979929999980759e-003	-3.558417e-002
4.985929999980723e-003	-2.497798e-002
4.991929999980688e-003	-1.433629e-002
4.992681428552112e-003	-1.300173e-002
4.993432857123536e-003	-1.166695e-002
4.994184285694960e-003	-1.033196e-002
4.994935714266384e-003	-8.996744e-003
4.995687142837808e-003	-7.661316e-003
4.996438571409232e-003	-6.325671e-003
4.997189999980656e-003	-4.989809e-003
4.997929999980652e-003	-3.674228e-003
5.003929999980616e-003	6.993033e-003
5.009929999980581e-003	1.765037e-002
5.015929999980545e-003	2.828263e-002
5.021929999980510e-003	3.887470e-002
5.027929999980474e-003	4.941151e-002
5.033929999980438e-003	5.987813e-002
5.039929999980403e-003	7.025964e-002
5.045929999980367e-003	8.054131e-002
5.051929999980331e-003	9.070853e-002
5.057929999980296e-003	1.007468e-001
5.058784285694577e-003	1.021649e-001
5.059638571408857e-003	1.035799e-001
5.060492857123138e-003	1.049919e-001
5.061347142837418e-003	1.064008e-001
5.062201428551699e-003	1.078066e-001
5.063055714265979e-003	1.092095e-001
5.063909999980260e-003	1.106092e-001
5.063929999980260e-003	1.106420e-001
5.069929999980224e-003	1.203799e-001
5.075929999980189e-003	1.299467e-001
5.081929999980153e-003	1.393289e-001
5.087929999980118e-003	1.485131e-001
5.093929999980082e-003	1.574863e-001
5.099929999980046e-003	1.662356e-001
5.105929999980011e-003	1.747488e-001
5.111929999979975e-003	1.830136e-001
5.117929999979939e-003	1.910183e-001
5.123929999979904e-003	1.987515e-001
5.129929999979868e-003	2.062024e-001
5.135929999979833e-003	2.133602e-001
5.141929999979797e-003	2.202148e-001
5.147929999979761e-003	2.267565e-001
5.153929999979726e-003	2.329759e-001
5.159929999979690e-003	2.388643e-001
5.165929999979654e-003	2.444132e-001
5.171929999979619e-003	2.496148e-001
5.177929999979583e-003	2.544617e-001
5.183929999979547e-003	2.589470e-001
5.189929999979512e-003	2.630643e-001
5.195929999979476e-003	2.668078e-001
5.201929999979441e-003	2.701721e-001
5.207929999979405e-003	2.731526e-001
5.213929999979369e-003	2.757448e-001
5.219929999979334e-003	2.779452e-001
5.225929999979298e-003	2.797506e-001
5.231929999979262e-003	2.811585e-001
5.237929999979227e-003	2.821668e-001
5.243929999979191e-003	2.827742e-001
5.249929999979155e-003	2.829797e-001
5.255929999979120e-003	2.827831e-001
5.261929999979084e-003	2.821846e-001
5.267929999979049e-003	2.811852e-001
5.273929999979013e-003	2.797861e-001
5.279929999978977e-003	2.779895e-001
5.285929999978942e-003	2.757979e-001
5.291929999978906e-003	2.732143e-001
5.297929999978870e-003	2.702425e-001
5.303929999978835e-003	2.668866e-001
5.309929999978799e-003	2.631514e-001
5.315929999978764e-003	2.590424e-001
5.321929999978728e-003	2.545652e-001
5.327929999978692e-003	2.497262e-001
5.333929999978657e-003	2.445324e-001
5.339929999978621e-003	2.389911e-001
5.345929999978585e-003	2.331102e-001
5.351929999978550e-003	2.268980e-001
5.357929999978514e-003	2.203634e-001
5.363929999978478e-003	2.135156e-001
5.369929999978443e-003	2.063644e-001
5.375929999978407e-003	1.989199e-001
5.381929999978372e-003	1.911928e-001
5.387929999978336e-003	1.831940e-001
5.393929999978300e-003	1.749348e-001
5.399929999978265e-003	1.664271e-001
5.405929999978229e-003	1.576829e-001
5.411929999978193e-003	1.487146e-001
5.417929999978158e-003	1.395349e-001
5.423929999978122e-003	1.301570e-001
5.429929999978087e-003	1.205941e-001
5.435929999978051e-003	1.108598e-001
5.436784285692332e-003	1.094606e-001
5.437638571406612e-003	1.080583e-001
5.438492857120893e-003	1.066530e-001
5.439347142835173e-003	1.052447e-001
5.440201428549454e-003	1.038332e-001
5.441055714263734e-003	1.024188e-001
5.441909999978015e-003	1.010012e-001
5.441929999978015e-003	1.009680e-001
5.447929999977980e-003	9.093274e-002
5.453929999977944e-003	8.076821e-002
5.459929999977908e-003	7.048892e-002
5.465929999977873e-003	6.010948e-002
5.471929999977837e-003	4.964461e-002
5.477929999977801e-003	3.910918e-002
5.483929999977766e-003	2.851820e-002
5.489929999977730e-003	1.788667e-002
5.495929999977695e-003	7.229739e-003
5.501929999977659e-003	-3.437470e-003
5.502369999977656e-003	-4.219742e-003
5.502809999977654e-003	-5.001966e-003
5.503249999977651e-003	-5.784142e-003
5.503689999977648e-003	-6.566270e-003
5.504129999977646e-003	-7.348351e-003
5.504569999977643e-003	-8.130384e-003
5.505009999977641e-003	-8.912368e-003
5.507929999977623e-003	-1.409980e-002
5.513929999977588e-003	-2.474209e-002
5.519929999977552e-003	-3.534923e-002
5.525929999977516e-003	-4.590612e-002
5.531929999977481e-003	-5.639779e-002
5.537929999977445e-003	-6.680931e-002
5.543929999977409e-003	-7.712590e-002
5.549929999977374e-003	-8.733287e-002
5.550784285691655e-003	-8.877649e-002
5.551638571405935e-003	-9.021745e-002
5.552492857120216e-003	-9.165575e-002
5.553347142834496e-003	-9.309139e-002
5.554201428548777e-003	-9.452437e-002
5.555055714263057e-003	-9.595468e-002
5.555909999977338e-003	-9.738234e-002
5.555929999977338e-003	-9.741573e-002
5.561929999977303e-003	-1.073602e-001
5.567929999977267e-003	-1.171520e-001
5.568784285691548e-003	-1.185331e-001
5.569638571405828e-003	-1.199106e-001
5.570492857120109e-003	-1.212847e-001
5.571347142834389e-003	-1.226552e-001
5.572201428548670e-003	-1.240222e-001
5.573055714262950e-003	-1.253857e-001
5.573909999977231e-003	-1.267457e-001
5.573929999977231e-003	-1.267774e-001
5.579929999977196e-003	-1.362227e-001
5.585929999977160e-003	-1.454744e-001
5.591929999977124e-003	-1.545193e-001
5.597929999977089e-003	-1.633446e-001
5.603929999977053e-003	-1.719379e-001
5.609929999977018e-003	-1.802867e-001
5.615929999976982e-003	-1.883794e-001
5.621929999976946e-003	-1.962044e-001
5.627929999976911e-003	-2.037506e-001
5.633929999976875e-003	-2.110073e-001
5.639929999976839e-003	-2.179640e-001
5.645929999976804e-003	-2.246111e-001
5.651929999976768e-003	-2.309390e-001
5.657929999976732e-003	-2.369386e-001
5.663929999976697e-003	-2.426016e-001
5.669929999976661e-003	-2.479198e-001
5.675929999976626e-003	-2.528858e-001
5.681929999976590e-003	-2.574923e-001
5.687929999976554e-003	-2.617330e-001
5.693929999976519e-003	-2.656017e-001
5.699929999976483e-003	-2.690930e-001
5.705929999976447e-003	-2.722018e-001
5.711929999976412e-003	-2.749239e-001
5.717929999976376e-003	-2.772553e-001
5.723929999976340e-003	-2.791927e-001
5.729929999976305e-003	-2.807333e-001
5.735929999976269e-003	-2.818750e-001
5.741929999976234e-003	-2.826161e-001
5.747929999976198e-003	-2.829557e-001
5.753929999976162e-003	-2.828931e-001
5.759929999976127e-003	-2.824285e-001
5.765929999976091e-003	-2.815626e-001
5.771929999976055e-003	-2.802965e-001
5.777929999976020e-003	-2.786322e-001
5.783929999975984e-003	-2.765718e-001
5.789929999975949e-003	-2.741185e-001
5.795929999975913e-003	-2.712756e-001
5.801929999975877e-003	-2.680472e-001
5.807929999975842e-003	-2.644380e-001
5.813929999975806e-003	-2.604529e-001
5.819929999975770e-003	-2.560977e-001
5.825929999975735e-003	-2.513786e-001
5.831929999975699e-003	-2.463022e-001
5.837929999975663e-003	-2.408759e-001
5.843929999975628e-003	-2.351072e-001
5.849929999975592e-003	-2.290045e-001
5.855929999975557e-003	-2.225763e-001
5.861929999975521e-003	-2.158318e-001
5.867929999975485e-003	-2.087807e-001
5.873929999975450e-003	-2.014328e-001
5.879929999975414e-003	-1.937987e-001
5.885929999975378e-003	-1.858891e-001
5.891929999975343e-003	-1.777155e-001
5.897929999975307e-003	-1.692893e-001
5.903929999975272e-003	-1.606225e-001
5.909929999975236e-003	-1.517274e-001
5.915929999975200e-003	-1.426168e-001
5.921929999975165e-003	-1.333034e-001
5.927929999975129e-003	-1.238007e-001
5.928784285689410e-003	-1.224329e-001
5.929638571403690e-003	-1.210618e-001
5.930492857117971e-003	-1.196872e-001
5.931347142832251e-003	-1.183091e-001
5.932201428546532e-003	-1.169277e-001
5.933055714260812e-003	-1.155428e-001
5.933909999975093e-003	-1.141545e-001
5.933929999975093e-003	-1.141220e-001
5.939929999975058e-003	-1.042811e-001
5.940784285689339e-003	-1.028675e-001
5.941638571403619e-003	-1.014510e-001
5.942492857117900e-003	-1.000316e-001
5.943347142832180e-003	-9.860941e-002
5.944201428546461e-003	-9.718434e-002
5.945055714260741e-003	-9.575639e-002
5.945909999975022e-003	-9.432559e-002
5.945929999975022e-003	-9.429207e-002
5.951929999974986e-003	-8.416902e-002
5.957929999974951e-003	-7.392636e-002
5.963929999974915e-003	-6.357866e-002
5.969929999974880e-003	-5.314060e-002
5.975929999974844e-003	-4.262702e-002
5.981929999974808e-003	-3.205287e-002
5.987929999974773e-003	-2.143317e-002
5.993929999974737e-003	-1.078301e-002
5.994458571403305e-003	-9.843803e-003
5.994987142831873e-003	-8.904512e-003
5.995515714260442e-003	-7.965139e-003
5.996044285689011e-003	-7.025683e-003
5.996572857117579e-003	-6.086144e-003
5.997101428546147e-003	-5.146522e-003
5.997629999974715e-003	-4.206818e-003
5.999929999974701e-003	-1.175329e-004
6.005929999974666e-003	1.054812e-002
6.011929999974630e-003	2.119877e-002
6.017929999974594e-003	3.181931e-002
6.023929999974559e-003	4.239463e-002
6.029929999974523e-003	5.290970e-002
6.035929999974488e-003	6.334958e-002
6.041929999974452e-003	7.369946e-002
6.047929999974416e-003	8.394459e-002
6.053929999974381e-003	9.407044e-002
6.059929999974345e-003	1.040626e-001
6.060784285688626e-003	1.054737e-001
6.061638571402906e-003	1.068817e-001
6.062492857117187e-003	1.082865e-001
6.063347142831467e-003	1.096882e-001
6.064201428545748e-003	1.110867e-001
6.065055714260029e-003	1.124821e-001
6.065909999974310e-003	1.138743e-001
6.065929999974309e-003	1.139069e-001
6.071929999974274e-003	1.235893e-001
6.077929999974238e-003	1.330961e-001
6.083929999974203e-003	1.424138e-001
6.089929999974167e-003	1.515291e-001
6.095929999974131e-003	1.604290e-001
6.101929999974096e-003	1.691010e-001
6.107929999974060e-003	1.775327e-001
6.113929999974024e-003	1.857120e-001
6.119929999973989e-003	1.936275e-001
6.125929999973953e-003	2.012678e-001
6.131929999973917e-003	2.086222e-001
6.137929999973882e-003	2.156800e-001
6.143929999973846e-003	2.224314e-001
6.149929999973811e-003	2.288667e-001
6.155929999973775e-003	2.349767e-001
6.161929999973739e-003	2.407528e-001
6.167929999973704e-003	2.461869e-001
6.173929999973668e-003	2.512710e-001
6.179929999973632e-003	2.559981e-001
6.185929999973597e-003	2.603614e-001
6.191929999973561e-003	2.643547e-001
6.197929999973526e-003	2.679724e-001
6.203929999973490e-003	2.712093e-001
6.209929999973454e-003	2.740607e-001
6.215929999973419e-003	2.765227e-001
6.221929999973383e-003	2.785918e-001
6.227929999973347e-003	2.802650e-001
6.233929999973312e-003	2.815398e-001
6.239929999973276e-003	2.824147e-001
6.245929999973240e-003	2.828882e-001
6.251929999973205e-003	2.829596e-001
6.257929999973169e-003	2.826290e-001
6.263929999973134e-003	2.818968e-001
6.269929999973098e-003	2.807639e-001
6.275929999973062e-003	2.792321e-001
6.281929999973027e-003	2.773035e-001
6.287929999972991e-003	2.749808e-001
6.293929999972955e-003	2.722674e-001
6.299929999972920e-003	2.691670e-001
6.305929999972884e-003	2.656842e-001
6.311929999972848e-003	2.618238e-001
6.317929999972813e-003	2.575913e-001
6.323929999972777e-003	2.529928e-001
6.329929999972742e-003	2.480348e-001
6.335929999972706e-003	2.427243e-001
6.341929999972670e-003	2.370689e-001
6.347929999972635e-003	2.310766e-001
6.353929999972599e-003	2.247559e-001
6.359929999972563e-003	2.181159e-001
6.365929999972528e-003	2.111659e-001
6.371929999972492e-003	2.039158e-001
6.377929999972457e-003	1.963759e-001
6.383929999972421e-003	1.885570e-001
6.389929999972385e-003	1.804701e-001
6.395929999972350e-003	1.721267e-001
6.401929999972314e-003	1.635388e-001
6.407929999972278e-003	1.547185e-001
6.413929999972243e-003	1.456783e-001
6.419929999972207e-003	1.364311e-001
6.425929999972171e-003	1.269900e-001
6.431929999972136e-003	1.173685e-001
6.432784285686417e-003	1.159845e-001
6.433638571400697e-003	1.145974e-001
6.434492857114978e-003	1.132070e-001
6.435347142829258e-003	1.118134e-001
6.436201428543539e-003	1.104165e-001
6.437055714257819e-003	1.090164e-001
6.437909999972100e-003	1.076130e-001
6.437929999972100e-003	1.075801e-001
6.443929999972065e-003	9.763893e-002
6.449929999972029e-003	8.755897e-002
6.455929999971993e-003	7.735460e-002
6.461929999971958e-003	6.704030e-002
6.467929999971922e-003	5.663072e-002
6.473929999971886e-003	4.614068e-002
6.479929999971851e-003	3.558506e-002
6.485929999971815e-003	2.497888e-002
6.491929999971779e-003	1.433721e-002
6.497929999971744e-003	3.675173e-003
6.498678571400311e-003	2.344203e-003
6.499427142828878e-003	1.013256e-003
6.500175714257444e-003	-3.176695e-004
6.500924285686012e-003	-1.648572e-003
6.501672857114579e-003	-2.979453e-003
6.502421428543146e-003	-4.310311e-003
6.503169999971713e-003	-5.641146e-003
6.503929999971708e-003	-6.992097e-003
6.509929999971673e-003	-1.764944e-002
6.515929999971637e-003	-2.828168e-002
6.521929999971601e-003	-3.887374e-002
6.527929999971566e-003	-4.941056e-002
6.533929999971530e-003	-5.987716e-002
6.539929999971494e-003	-7.025866e-002
6.545929999971459e-003	-8.054033e-002
6.551929999971423e-003	-9.070755e-002
6.552784285685704e-003	-9.214512e-002
6.553638571399984e-003	-9.357993e-002
6.554492857114265e-003	-9.501199e-002
6.555347142828545e-003	-9.644128e-002
6.556201428542826e-003	-9.786783e-002
6.557055714257107e-003	-9.929161e-002
6.557909999971388e-003	-1.007126e-001
6.557929999971388e-003	-1.007459e-001
6.563929999971352e-003	-1.106410e-001
6.564784285685633e-003	-1.120375e-001
6.565638571399913e-003	-1.134307e-001
6.566492857114194e-003	-1.148206e-001
6.567347142828474e-003	-1.162071e-001
6.568201428542755e-003	-1.175903e-001
6.569055714257035e-003	-1.189702e-001
6.569909999971316e-003	-1.203467e-001
6.569929999971316e-003	-1.203789e-001
6.570784285685597e-003	-1.217519e-001
6.571638571399877e-003	-1.231213e-001
6.572492857114158e-003	-1.244871e-001
6.573347142828439e-003	-1.258493e-001
6.574201428542720e-003	-1.272079e-001
6.575055714257000e-003	-1.285628e-001
6.575909999971281e-003	-1.299142e-001
6.575929999971281e-003	-1.299458e-001
6.581929999971245e-003	-1.393280e-001
6.587929999971209e-003	-1.485122e-001
6.593929999971174e-003	-1.574853e-001
6.599929999971138e-003	-1.662347e-001
6.605929999971102e-003	-1.747478e-001
6.611929999971067e-003	-1.830126e-001
6.617929999971031e-003	-1.910173e-001
6.623929999970996e-003	-1.987506e-001
6.629929999970960e-003	-2.062014e-001
6.635929999970924e-003	-2.133592e-001
6.641929999970889e-003	-2.202139e-001
6.647929999970853e-003	-2.267555e-001
6.653929999970817e-003	-2.329750e-001
6.659929999970782e-003	-2.388634e-001
6.665929999970746e-003	-2.444123e-001
6.671929999970711e-003	-2.496139e-001
6.677929999970675e-003	-2.544608e-001
6.683929999970639e-003	-2.589461e-001
6.689929999970604e-003	-2.630634e-001
6.695929999970568e-003	-2.668069e-001
6.701929999970532e-003	-2.701712e-001
6.707929999970497e-003	-2.731516e-001
6.713929999970461e-003	-2.757438e-001
6.719929999970425e-003	-2.779442e-001
6.725929999970390e-003	-2.797496e-001
6.731929999970354e-003	-2.811575e-001
6.737929999970319e-003	-2.821658e-001
6.743929999970283e-003	-2.827732e-001
6.749929999970247e-003	-2.829787e-001
6.755929999970212e-003	-2.827821e-001
6.761929999970176e-003	-2.821836e-001
6.767929999970140e-003	-2.811842e-001
6.773929999970105e-003	-2.797851e-001
6.779929999970069e-003	-2.779885e-001
6.785929999970033e-003	-2.757968e-001
6.791929999969998e-003	-2.732132e-001
6.797929999969962e-003	-2.702413e-001
6.803929999969927e-003	-2.668855e-001
6.809929999969891e-003	-2.631503e-001
6.815929999969856e-003	-2.590412e-001
6.821929999969821e-003	-2.545640e-001
6.827929999969785e-003	-2.497250e-001
6.833929999969749e-003	-2.445312e-001
6.839929999969714e-003	-2.389899e-001
6.845929999969678e-003	-2.331089e-001
6.851929999969642e-003	-2.268967e-001
6.857929999969607e-003	-2.203620e-001
6.863929999969571e-003	-2.135143e-001
6.869929999969535e-003	-2.063631e-001
6.875929999969500e-003	-1.989186e-001
6.881929999969464e-003	-1.911914e-001
6.887929999969429e-003	-1.831926e-001
6.893929999969393e-003	-1.749334e-001
6.899929999969357e-003	-1.664257e-001
6.905929999969322e-003	-1.576814e-001
6.911929999969286e-003	-1.487131e-001
6.917929999969250e-003	-1.395334e-001
6.923929999969215e-003	-1.301555e-001
6.924784285683496e-003	-1.288048e-001
6.925638571397776e-003	-1.274504e-001
6.926492857112057e-003	-1.260925e-001
6.927347142826337e-003	-1.247310e-001
6.928201428540618e-003	-1.233658e-001
6.929055714254898e-003	-1.219971e-001
6.929909999969179e-003	-1.206247e-001
6.929929999969179e-003	-1.205925e-001
6.930784285683460e-003	-1.192166e-001
6.931638571397740e-003	-1.178373e-001
6.932492857112021e-003	-1.164547e-001
6.933347142826301e-003	-1.150688e-001
6.934201428540582e-003	-1.136795e-001
6.935055714254863e-003	-1.122869e-001
6.935909999969144e-003	-1.108910e-001
6.935929999969144e-003	-1.108582e-001
6.941929999969108e-003	-1.009664e-001
6.942784285683389e-003	-9.954592e-002
6.943638571397669e-003	-9.812265e-002
6.944492857111950e-003	-9.669661e-002
6.945347142826230e-003	-9.526780e-002
6.946201428540511e-003	-9.383623e-002
6.947055714254791e-003	-9.240189e-002
6.947909999969072e-003	-9.096479e-002
6.947929999969072e-003	-9.093112e-002
6.953929999969037e-003	-8.076660e-002
6.959929999969001e-003	-7.048730e-002
6.965929999968965e-003	-6.010784e-002
6.971929999968930e-003	-4.964296e-002
6.977929999968894e-003	-3.910752e-002
6.983929999968858e-003	-2.851651e-002
6.989929999968823e-003	-1.788498e-002
6.995929999968787e-003	-7.228039e-003
6.996518571397355e-003	-6.181806e-003
6.997107142825923e-003	-5.135525e-003
6.997695714254491e-003	-4.089196e-003
6.998284285683059e-003	-3.042819e-003
6.998872857111627e-003	-1.996393e-003
6.999461428540195e-003	-9.499194e-004
7.000049999968763e-003	9.660282e-005
7.001929999968752e-003	3.439185e-003
7.007929999968716e-003	1.410152e-002
7.013929999968680e-003	2.474382e-002
7.019929999968645e-003	3.535096e-002
7.025929999968609e-003	4.590786e-002
7.031929999968573e-003	5.639953e-002
7.037929999968538e-003	6.681104e-002
7.043929999968502e-003	7.712764e-002
7.049929999968467e-003	8.733463e-002
7.055929999968431e-003	9.741749e-002
7.061929999968395e-003	1.073619e-001
7.062784285682676e-003	1.087658e-001
7.063638571396956e-003	1.101665e-001
7.064492857111237e-003	1.115640e-001
7.065347142825518e-003	1.129582e-001
7.066201428539799e-003	1.143492e-001
7.067055714254079e-003	1.157369e-001
7.067909999968360e-003	1.171214e-001
7.067929999968360e-003	1.171538e-001
7.073929999968324e-003	1.267792e-001
7.079929999968288e-003	1.362244e-001
7.085929999968253e-003	1.454761e-001
7.091929999968217e-003	1.545210e-001
7.097929999968181e-003	1.633464e-001
7.103929999968146e-003	1.719396e-001
7.109929999968110e-003	1.802885e-001
7.115929999968075e-003	1.883812e-001
7.121929999968039e-003	1.962062e-001
7.127929999968003e-003	2.037524e-001
7.133929999967968e-003	2.110090e-001
7.139929999967932e-003	2.179658e-001
7.145929999967896e-003	2.246128e-001
7.151929999967861e-003	2.309407e-001
7.157929999967825e-003	2.369404e-001
7.163929999967789e-003	2.426034e-001
7.169929999967754e-003	2.479216e-001
7.175929999967718e-003	2.528875e-001
7.181929999967683e-003	2.574941e-001
7.187929999967647e-003	2.617347e-001
7.193929999967611e-003	2.656034e-001
7.199929999967576e-003	2.690947e-001
7.205929999967540e-003	2.722036e-001
7.211929999967504e-003	2.749256e-001
7.217929999967469e-003	2.772570e-001
7.223929999967433e-003	2.791944e-001
7.229929999967398e-003	2.807351e-001
7.235929999967362e-003	2.818768e-001
7.241929999967326e-003	2.826179e-001
7.247929999967291e-003	2.829574e-001
7.253929999967255e-003	2.828949e-001
7.259929999967219e-003	2.824303e-001
7.265929999967184e-003	2.815644e-001
7.271929999967148e-003	2.802983e-001
7.277929999967112e-003	2.786340e-001
7.283929999967077e-003	2.765737e-001
7.289929999967041e-003	2.741204e-001
7.295929999967006e-003	2.712775e-001
7.301929999966970e-003	2.680491e-001
7.307929999966934e-003	2.644399e-001
7.313929999966899e-003	2.604548e-001
7.319929999966863e-003	2.560997e-001
7.325929999966827e-003	2.513806e-001
7.331929999966792e-003	2.463042e-001
7.337929999966756e-003	2.408779e-001
7.343929999966720e-003	2.351093e-001
7.349929999966685e-003	2.290066e-001
7.355929999966649e-003	2.225784e-001
7.361929999966614e-003	2.158339e-001
7.367929999966578e-003	2.087828e-001
7.373929999966542e-003	2.014349e-001
7.379929999966507e-003	1.938008e-001
7.385929999966471e-003	1.858913e-001
7.391929999966435e-003	1.777177e-001
7.397929999966400e-003	1.692915e-001
7.403929999966364e-003	1.606247e-001
7.409929999966329e-003	1.517297e-001
7.415929999966293e-003	1.426190e-001
7.421929999966257e-003	1.333057e-001
7.427929999966222e-003	1.238030e-001
7.433929999966186e-003	1.141243e-001
7.434784285680467e-003	1.127326e-001
7.435638571394747e-003	1.113378e-001
7.436492857109028e-003	1.099399e-001
7.437347142823308e-003	1.085387e-001
7.438201428537589e-003	1.071345e-001
7.439055714251869e-003	1.057271e-001
7.439909999966150e-003	1.043165e-001
7.439929999966150e-003	1.042835e-001
7.445929999966115e-003	9.429444e-002
7.451929999966079e-003	8.417141e-002
7.457929999966043e-003	7.392877e-002
7.463929999966008e-003	6.358107e-002
7.469929999965972e-003	5.314303e-002
7.475929999965937e-003	4.262946e-002
7.481929999965901e-003	3.205532e-002
7.487929999965865e-003	2.143564e-002
7.493929999965830e-003	1.078549e-002
7.499929999965794e-003	1.200228e-004
7.500395714251505e-003	-7.080431e-004
7.500861428537217e-003	-1.536085e-003
7.501327142822928e-003	-2.364102e-003
7.501792857108640e-003	-3.192096e-003
7.502258571394352e-003	-4.020065e-003
7.502724285680064e-003	-4.848010e-003
7.503189999965775e-003	-5.675931e-003
7.505929999965758e-003	-1.054562e-002
7.511929999965723e-003	-2.119628e-002
7.517929999965687e-003	-3.181681e-002
7.523929999965652e-003	-4.239211e-002
7.529929999965616e-003	-5.290719e-002
7.535929999965580e-003	-6.334707e-002
7.541929999965545e-003	-7.369692e-002
7.547929999965509e-003	-8.394207e-002
7.553929999965473e-003	-9.406791e-002
7.554784285679754e-003	-9.549920e-002
7.555638571394035e-003	-9.692764e-002
7.556492857108316e-003	-9.835322e-002
7.557347142822596e-003	-9.977594e-002
7.558201428536877e-003	-1.011958e-001
7.559055714251157e-003	-1.026128e-001
7.559909999965438e-003	-1.040270e-001
7.559929999965438e-003	-1.040601e-001
7.565929999965402e-003	-1.139044e-001
7.566784285679683e-003	-1.152933e-001
7.567638571393963e-003	-1.166787e-001
7.568492857108244e-003	-1.180608e-001
7.569347142822524e-003	-1.194394e-001
7.570201428536805e-003	-1.208146e-001
7.571055714251086e-003	-1.221864e-001
7.571909999965367e-003	-1.235548e-001
7.571929999965366e-003	-1.235868e-001
7.577929999965331e-003	-1.330936e-001
7.583929999965295e-003	-1.424112e-001
7.589929999965260e-003	-1.515265e-001
7.595929999965224e-003	-1.604265e-001
7.601929999965188e-003	-1.690984e-001
7.607929999965153e-003	-1.775301e-001
7.613929999965117e-003	-1.857095e-001
7.619929999965081e-003	-1.936250e-001
7.625929999965046e-003	-2.012653e-001
7.631929999965010e-003	-2.086196e-001
7.637929999964974e-003	-2.156775e-001
7.643929999964939e-003	-2.224289e-001
7.649929999964903e-003	-2.288642e-001
7.655929999964868e-003	-2.349742e-001
7.661929999964832e-003	-2.407503e-001
7.667929999964796e-003	-2.461843e-001
7.673929999964761e-003	-2.512685e-001
7.679929999964725e-003	-2.559956e-001
7.685929999964689e-003	-2.603589e-001
7.691929999964654e-003	-2.643523e-001
7.697929999964618e-003	-2.679699e-001
7.703929999964583e-003	-2.712068e-001
7.709929999964547e-003	-2.740582e-001
7.715929999964511e-003	-2.765202e-001
7.721929999964476e-003	-2.785893e-001
7.727929999964440e-003	-2.802624e-001
7.733929999964404e-003	-2.815373e-001
7.739929999964369e-003	-2.824121e-001
7.745929999964333e-003	-2.828856e-001
7.751929999964297e-003	-2.829571e-001
7.757929999964262e-003	-2.826264e-001
7.763929999964226e-003	-2.818942e-001
7.769929999964191e-003	-2.807614e-001
7.775929999964155e-003	-2.792295e-001
7.781929999964119e-003	-2.773009e-001
7.787929999964084e-003	-2.749782e-001
7.793929999964048e-003	-2.722647e-001
7.799929999964012e-003	-2.691644e-001
7.805929999963977e-003	-2.656815e-001
7.811929999963941e-003	-2.618211e-001
7.817929999963905e-003	-2.575886e-001
7.823929999963869e-003	-2.529901e-001
7.829929999963833e-003	-2.480321e-001
7.835929999963798e-003	-2.427215e-001
7.841929999963762e-003	-2.370661e-001
7.847929999963726e-003	-2.310738e-001
7.853929999963691e-003	-2.247531e-001
7.859929999963655e-003	-2.181130e-001
7.865929999963620e-003	-2.111630e-001
7.871929999963584e-003	-2.039128e-001
7.877929999963548e-003	-1.963730e-001
7.883929999963513e-003	-1.885540e-001
7.889929999963477e-003	-1.804671e-001
7.895929999963441e-003	-1.721238e-001
7.901929999963406e-003	-1.635358e-001
7.907929999963370e-003	-1.547155e-001
7.913929999963335e-003	-1.456752e-001
7.919929999963299e-003	-1.364280e-001
7.925929999963263e-003	-1.269869e-001
7.926784285677543e-003	-1.256276e-001
7.927638571391825e-003	-1.242648e-001
7.928492857106105e-003	-1.228984e-001
7.929347142820386e-003	-1.215285e-001
7.930201428534666e-003	-1.201551e-001
7.931055714248948e-003	-1.187782e-001
7.931909999963228e-003	-1.173977e-001
7.931929999963228e-003	-1.173654e-001
7.937929999963192e-003	-1.075770e-001
7.943929999963156e-003	-9.763580e-002
7.944784285677436e-003	-9.620863e-002
7.945638571391718e-003	-9.477881e-002
7.946492857105999e-003	-9.334631e-002
7.947347142820279e-003	-9.191114e-002
7.948201428534559e-003	-9.047331e-002
7.949055714248841e-003	-8.903281e-002
7.949909999963121e-003	-8.758964e-002
7.949929999963121e-003	-8.755582e-002
7.955929999963085e-003	-7.735143e-002
7.961929999963049e-003	-6.703711e-002
7.967929999963014e-003	-5.662753e-002
7.973929999962978e-003	-4.613748e-002
7.979929999962943e-003	-3.558185e-002
7.985929999962907e-003	-2.497566e-002
7.991929999962871e-003	-1.433397e-002
7.992681428534295e-003	-1.299941e-002
7.993432857105720e-003	-1.166463e-002
7.994184285677143e-003	-1.032963e-002
7.994935714248568e-003	-8.994419e-003
7.995687142819992e-003	-7.658991e-003
7.996438571391417e-003	-6.323347e-003
7.997189999962840e-003	-4.987487e-003
7.997929999962836e-003	-3.671923e-003
8.003929999962800e-003	6.995367e-003
8.009929999962764e-003	1.765269e-002
8.015929999962729e-003	2.828495e-002
8.021929999962693e-003	3.887702e-002
8.027929999962657e-003	4.941384e-002
8.033929999962622e-003	5.988044e-002
8.039929999962586e-003	7.026196e-002
8.045929999962551e-003	8.054363e-002
8.051929999962515e-003	9.071084e-002
8.057929999962479e-003	1.007492e-001
8.058784285676759e-003	1.021672e-001
8.059638571391041e-003	1.035822e-001
8.060492857105321e-003	1.049942e-001
8.061347142819602e-003	1.064031e-001
8.062201428533882e-003	1.078090e-001
8.063055714248164e-003	1.092118e-001
8.063909999962444e-003	1.106116e-001
8.063929999962444e-003	1.106443e-001
8.069929999962408e-003	1.203822e-001
8.075929999962372e-003	1.299491e-001
8.081929999962337e-003	1.393313e-001
8.087929999962301e-003	1.485155e-001
8.093929999962266e-003	1.574886e-001
8.099929999962230e-003	1.662380e-001
8.105929999962194e-003	1.747511e-001
8.111929999962159e-003	1.830159e-001
8.117929999962123e-003	1.910206e-001
8.123929999962087e-003	1.987539e-001
8.129929999962052e-003	2.062047e-001
8.135929999962016e-003	2.133625e-001
8.141929999961980e-003	2.202171e-001
8.147929999961945e-003	2.267588e-001
8.153929999961909e-003	2.329783e-001
8.159929999961874e-003	2.388666e-001
8.165929999961838e-003	2.444156e-001
8.171929999961802e-003	2.496172e-001
8.177929999961767e-003	2.544641e-001
8.183929999961731e-003	2.589493e-001
8.189929999961695e-003	2.630667e-001
8.195929999961660e-003	2.668101e-001
8.201929999961624e-003	2.701745e-001
8.207929999961589e-003	2.731549e-001
8.213929999961553e-003	2.757471e-001
8.219929999961517e-003	2.779475e-001
8.225929999961482e-003	2.797529e-001
8.231929999961446e-003	2.811608e-001
8.237929999961410e-003	2.821691e-001
8.243929999961375e-003	2.827765e-001
8.249929999961339e-003	2.829820e-001
8.255929999961303e-003	2.827854e-001
8.261929999961268e-003	2.821870e-001
8.267929999961232e-003	2.811875e-001
8.273929999961197e-003	2.797885e-001
8.279929999961161e-003	2.779919e-001
8.285929999961125e-003	2.758002e-001
8.291929999961090e-003	2.732166e-001
8.297929999961054e-003	2.702448e-001
8.303929999961018e-003	2.668889e-001
8.309929999960983e-003	2.631538e-001
8.315929999960947e-003	2.590447e-001
8.321929999960911e-003	2.545675e-001
8.327929999960876e-003	2.497286e-001
8.333929999960840e-003	2.445347e-001
8.339929999960805e-003	2.389934e-001
8.345929999960769e-003	2.331125e-001
8.351929999960733e-003	2.269003e-001
8.357929999960698e-003	2.203657e-001
8.363929999960662e-003	2.135179e-001
8.369929999960626e-003	2.063667e-001
8.375929999960591e-003	1.989223e-001
8.381929999960555e-003	1.911951e-001
8.387929999960520e-003	1.831963e-001
8.393929999960484e-003	1.749372e-001
8.399929999960448e-003	1.664294e-001
8.405929999960413e-003	1.576852e-001
8.411929999960377e-003	1.487169e-001
8.417929999960341e-003	1.395372e-001
8.423929999960306e-003	1.301593e-001
8.429929999960270e-003	1.205964e-001
8.435929999960234e-003	1.108621e-001
8.436784285674515e-003	1.094629e-001
8.437638571388796e-003	1.080607e-001
8.438492857103077e-003	1.066553e-001
8.439347142817357e-003	1.052470e-001
8.440201428531637e-003	1.038355e-001
8.441055714245919e-003	1.024211e-001
8.441909999960199e-003	1.010035e-001
8.441929999960199e-003	1.009703e-001
8.447929999960163e-003	9.093503e-002
8.453929999960128e-003	8.077053e-002
8.459929999960092e-003	7.049126e-002
8.465929999960056e-003	6.011180e-002
8.471929999960021e-003	4.964693e-002
8.477929999959985e-003	3.911151e-002
8.483929999959949e-003	2.852052e-002
8.489929999959914e-003	1.788900e-002
8.495929999959878e-003	7.232056e-003
8.501929999959842e-003	-3.435162e-003
8.502107142816984e-003	-3.750097e-003
8.502284285674126e-003	-4.065027e-003
8.502461428531267e-003	-4.379953e-003
8.502638571388410e-003	-4.694874e-003
8.502815714245552e-003	-5.009790e-003
8.502992857102694e-003	-5.324702e-003
8.503169999959835e-003	-5.639608e-003
8.507929999959807e-003	-1.409748e-002
8.513929999959771e-003	-2.473977e-002
8.519929999959736e-003	-3.534691e-002
8.525929999959700e-003	-4.590380e-002
8.531929999959664e-003	-5.639547e-002
8.537929999959629e-003	-6.680699e-002
8.543929999959593e-003	-7.712356e-002
8.549929999959557e-003	-8.733055e-002
8.550784285673838e-003	-8.877417e-002
8.551638571388119e-003	-9.021514e-002
8.552492857102400e-003	-9.165344e-002
8.553347142816680e-003	-9.308908e-002
8.554201428530960e-003	-9.452205e-002
8.555055714245242e-003	-9.595237e-002
8.555909999959522e-003	-9.738003e-002
8.555929999959522e-003	-9.741342e-002
8.561929999959486e-003	-1.073579e-001
8.567929999959451e-003	-1.171497e-001
8.568784285673731e-003	-1.185308e-001
8.569638571388013e-003	-1.199083e-001
8.570492857102293e-003	-1.212824e-001
8.571347142816573e-003	-1.226529e-001
8.572201428530853e-003	-1.240199e-001
8.573055714245135e-003	-1.253834e-001
8.573909999959415e-003	-1.267433e-001
8.573929999959415e-003	-1.267751e-001
8.579929999959379e-003	-1.362204e-001
8.585929999959344e-003	-1.454720e-001
8.591929999959308e-003	-1.545170e-001
8.597929999959272e-003	-1.633423e-001
8.603929999959237e-003	-1.719355e-001
8.609929999959201e-003	-1.802844e-001
8.615929999959165e-003	-1.883771e-001
8.621929999959130e-003	-1.962021e-001
8.627929999959094e-003	-2.037483e-001
8.633929999959059e-003	-2.110049e-001
8.639929999959023e-003	-2.179617e-001
8.645929999958987e-003	-2.246088e-001
8.651929999958952e-003	-2.309366e-001
8.657929999958916e-003	-2.369363e-001
8.663929999958880e-003	-2.425993e-001
8.669929999958845e-003	-2.479175e-001
8.675929999958809e-003	-2.528835e-001
8.681929999958774e-003	-2.574900e-001
8.687929999958738e-003	-2.617307e-001
8.693929999958702e-003	-2.655994e-001
8.699929999958667e-003	-2.690906e-001
8.705929999958631e-003	-2.721995e-001
8.711929999958595e-003	-2.749216e-001
8.717929999958560e-003	-2.772530e-001
8.723929999958524e-003	-2.791904e-001
8.729929999958488e-003	-2.807310e-001
8.735929999958453e-003	-2.818727e-001
8.741929999958417e-003	-2.826138e-001
8.747929999958382e-003	-2.829533e-001
8.753929999958346e-003	-2.828908e-001
8.759929999958310e-003	-2.824262e-001
8.765929999958275e-003	-2.815602e-001
8.771929999958239e-003	-2.802942e-001
8.777929999958203e-003	-2.786298e-001
8.783929999958168e-003	-2.765695e-001
8.789929999958132e-003	-2.741162e-001
8.795929999958096e-003	-2.712733e-001
8.801929999958061e-003	-2.680449e-001
8.807929999958025e-003	-2.644356e-001
8.813929999957990e-003	-2.604506e-001
8.819929999957954e-003	-2.560954e-001
8.825929999957918e-003	-2.513763e-001
8.831929999957883e-003	-2.462999e-001
8.837929999957847e-003	-2.408736e-001
8.843929999957811e-003	-2.351049e-001
8.849929999957776e-003	-2.290022e-001
8.855929999957740e-003	-2.225740e-001
8.861929999957705e-003	-2.158295e-001
8.867929999957669e-003	-2.087783e-001
8.873929999957633e-003	-2.014305e-001
8.879929999957598e-003	-1.937963e-001
8.885929999957562e-003	-1.858868e-001
8.891929999957526e-003	-1.777131e-001
8.897929999957491e-003	-1.692869e-001
8.903929999957455e-003	-1.606201e-001
8.909929999957419e-003	-1.517251e-001
8.915929999957384e-003	-1.426144e-001
8.921929999957348e-003	-1.333011e-001
8.927929999957313e-003	-1.237983e-001
8.928784285671593e-003	-1.224306e-001
8.929638571385875e-003	-1.210594e-001
8.930492857100155e-003	-1.196849e-001
8.931347142814435e-003	-1.183068e-001
8.932201428528715e-003	-1.169254e-001
8.933055714242997e-003	-1.155405e-001
8.933909999957277e-003	-1.141522e-001
8.933929999957277e-003	-1.141197e-001
8.939929999957241e-003	-1.042788e-001
8.940784285671521e-003	-1.028652e-001
8.941638571385803e-003	-1.014487e-001
8.942492857100083e-003	-1.000293e-001
8.943347142814364e-003	-9.860710e-002
8.944201428528644e-003	-9.718202e-002
8.945055714242926e-003	-9.575408e-002
8.945909999957206e-003	-9.432328e-002
8.945929999957206e-003	-9.428975e-002
8.951929999957170e-003	-8.416670e-002
8.957929999957134e-003	-7.392405e-002
8.963929999957099e-003	-6.357634e-002
8.969929999957063e-003	-5.313828e-002
8.975929999957027e-003	-4.262471e-002
8.981929999956992e-003	-3.205056e-002
8.987929999956956e-003	-2.143086e-002
8.993929999956921e-003	-1.078069e-002
8.994495714242632e-003	-9.775481e-003
8.995061428528342e-003	-8.770175e-003
8.995627142814053e-003	-7.764776e-003
8.996192857099765e-003	-6.759285e-003
8.996758571385476e-003	-5.753702e-003
8.997324285671186e-003	-4.748027e-003
8.997889999956897e-003	-3.742259e-003
8.999929999956885e-003	-1.152228e-004
9.005929999956849e-003	1.055044e-002
9.011929999956814e-003	2.120109e-002
9.017929999956778e-003	3.182162e-002
9.023929999956742e-003	4.239695e-002
9.029929999956707e-003	5.291201e-002
9.035929999956671e-003	6.335190e-002
9.041929999956636e-003	7.370176e-002
9.047929999956600e-003	8.394691e-002
9.053929999956564e-003	9.407275e-002
9.059929999956529e-003	1.040649e-001
9.060784285670809e-003	1.054760e-001
9.061638571385091e-003	1.068840e-001
9.062492857099371e-003	1.082888e-001
9.063347142813651e-003	1.096905e-001
9.064201428527931e-003	1.110890e-001
9.065055714242213e-003	1.124844e-001
9.065909999956493e-003	1.138766e-001
9.065929999956493e-003	1.139092e-001
9.071929999956457e-003	1.235916e-001
9.077929999956422e-003	1.330984e-001
9.083929999956386e-003	1.424161e-001
9.089929999956350e-003	1.515314e-001
9.095929999956315e-003	1.604313e-001
9.101929999956279e-003	1.691033e-001
9.107929999956244e-003	1.775350e-001
9.113929999956208e-003	1.857144e-001
9.119929999956172e-003	1.936298e-001
9.125929999956137e-003	2.012702e-001
9.131929999956101e-003	2.086245e-001
9.137929999956065e-003	2.156823e-001
9.143929999956030e-003	2.224337e-001
9.149929999955994e-003	2.288690e-001
9.155929999955959e-003	2.349790e-001
9.161929999955923e-003	2.407551e-001
9.167929999955887e-003	2.461892e-001
9.173929999955852e-003	2.512733e-001
9.179929999955816e-003	2.560004e-001
9.185929999955780e-003	2.603637e-001
9.191929999955745e-003	2.643571e-001
9.197929999955709e-003	2.679747e-001
9.203929999955673e-003	2.712116e-001
9.209929999955638e-003	2.740631e-001
9.215929999955602e-003	2.765251e-001
9.221929999955567e-003	2.785941e-001
9.227929999955531e-003	2.802673e-001
9.233929999955495e-003	2.815422e-001
9.239929999955460e-003	2.824170e-001
9.245929999955424e-003	2.828905e-001
9.251929999955388e-003	2.829619e-001
9.257929999955353e-003	2.826313e-001
9.263929999955317e-003	2.818991e-001
9.269929999955281e-003	2.807663e-001
9.275929999955246e-003	2.792344e-001
9.281929999955210e-003	2.773058e-001
9.287929999955175e-003	2.749831e-001
9.293929999955139e-003	2.722697e-001
9.299929999955103e-003	2.691694e-001
9.305929999955068e-003	2.656865e-001
9.311929999955032e-003	2.618261e-001
9.317929999954996e-003	2.575937e-001
9.323929999954961e-003	2.529952e-001
9.329929999954925e-003	2.480371e-001
9.335929999954890e-003	2.427266e-001
9.341929999954854e-003	2.370712e-001
9.347929999954818e-003	2.310789e-001
9.353929999954783e-003	2.247582e-001
9.359929999954747e-003	2.181182e-001
9.365929999954711e-003	2.111682e-001
9.371929999954676e-003	2.039181e-001
9.377929999954640e-003	1.963782e-001
9.383929999954604e-003	1.885593e-001
9.389929999954569e-003	1.804724e-001
9.395929999954533e-003	1.721291e-001
9.401929999954498e-003	1.635411e-001
9.407929999954462e-003	1.547208e-001
9.413929999954426e-003	1.456806e-001
9.419929999954391e-003	1.364334e-001
9.425929999954355e-003	1.269923e-001
9.431929999954319e-003	1.173708e-001
9.432784285668600e-003	1.159869e-001
9.433638571382881e-003	1.145997e-001
9.434492857097162e-003	1.132093e-001
9.435347142811442e-003	1.118157e-001
9.436201428525722e-003	1.104188e-001
9.437055714240004e-003	1.090187e-001
9.437909999954284e-003	1.076153e-001
9.437929999954284e-003	1.075824e-001
9.443929999954248e-003	9.764124e-002
9.449929999954213e-003	8.756128e-002
9.455929999954177e-003	7.735691e-002
9.461929999954141e-003	6.704261e-002
9.467929999954106e-003	5.663303e-002
9.473929999954070e-003	4.614298e-002
9.479929999954034e-003	3.558738e-002
9.485929999953999e-003	2.498120e-002
9.491929999953963e-003	1.433952e-002
9.497929999953927e-003	3.677472e-003
9.498669999953923e-003	2.361751e-003
9.499409999953919e-003	1.046048e-003
9.500149999953914e-003	-2.696350e-004
9.500889999953910e-003	-1.585300e-003
9.501629999953905e-003	-2.900945e-003
9.502369999953901e-003	-4.216572e-003
9.503109999953897e-003	-5.532180e-003
9.503929999953892e-003	-6.989795e-003
9.509929999953856e-003	-1.764713e-002
9.515929999953821e-003	-2.827937e-002
9.521929999953785e-003	-3.887143e-002
9.527929999953749e-003	-4.940824e-002
9.533929999953714e-003	-5.987485e-002
9.539929999953678e-003	-7.025635e-002
9.545929999953642e-003	-8.053802e-002
9.551929999953607e-003	-9.070524e-002
9.552784285667887e-003	-9.214281e-002
9.553638571382169e-003	-9.357762e-002
9.554492857096449e-003	-9.500968e-002
9.555347142810729e-003	-9.643897e-002
9.556201428525009e-003	-9.786551e-002
9.557055714239291e-003	-9.928929e-002
9.557909999953571e-003	-1.007103e-001
9.557929999953571e-003	-1.007435e-001
9.563929999953535e-003	-1.106387e-001
9.564784285667816e-003	-1.120352e-001
9.565638571382098e-003	-1.134284e-001
9.566492857096378e-003	-1.148183e-001
9.567347142810658e-003	-1.162048e-001
9.568201428524938e-003	-1.175880e-001
9.569055714239220e-003	-1.189679e-001
9.569909999953500e-003	-1.203444e-001
9.569929999953500e-003	-1.203766e-001
9.570784285667780e-003	-1.217496e-001
9.571638571382062e-003	-1.231190e-001
9.572492857096342e-003	-1.244848e-001
9.573347142810622e-003	-1.258470e-001
9.574201428524902e-003	-1.272055e-001
9.575055714239184e-003	-1.285605e-001
9.575909999953464e-003	-1.299119e-001
9.575929999953464e-003	-1.299435e-001
9.581929999953429e-003	-1.393257e-001
9.587929999953393e-003	-1.485099e-001
9.593929999953357e-003	-1.574830e-001
9.599929999953322e-003	-1.662324e-001
9.605929999953286e-003	-1.747455e-001
9.611929999953250e-003	-1.830103e-001
9.617929999953215e-003	-1.910150e-001
9.623929999953179e-003	-1.987483e-001
9.629929999953144e-003	-2.061991e-001
9.635929999953108e-003	-2.133569e-001
9.641929999953072e-003	-2.202115e-001
9.647929999953037e-003	-2.267532e-001
9.653929999953001e-003	-2.329727e-001
9.659929999952965e-003	-2.388610e-001
9.665929999952930e-003	-2.444100e-001
9.671929999952894e-003	-2.496116e-001
9.677929999952858e-003	-2.544585e-001
9.683929999952823e-003	-2.589438e-001
9.689929999952787e-003	-2.630611e-001
9.695929999952752e-003	-2.668045e-001
9.701929999952716e-003	-2.701689e-001
9.707929999952680e-003	-2.731493e-001
9.713929999952645e-003	-2.757415e-001
9.719929999952609e-003	-2.779419e-001
9.725929999952573e-003	-2.797473e-001
9.731929999952538e-003	-2.811552e-001
9.737929999952502e-003	-2.821635e-001
9.743929999952466e-003	-2.827709e-001
9.749929999952431e-003	-2.829764e-001
9.755929999952395e-003	-2.827798e-001
9.761929999952360e-003	-2.821813e-001
9.767929999952324e-003	-2.811818e-001
9.773929999952288e-003	-2.797828e-001
9.779929999952253e-003	-2.779862e-001
9.785929999952217e-003	-2.757945e-001
9.791929999952181e-003	-2.732109e-001
9.797929999952146e-003	-2.702390e-001
9.803929999952110e-003	-2.668831e-001
9.809929999952075e-003	-2.631480e-001
9.815929999952039e-003	-2.590389e-001
9.821929999952003e-003	-2.545617e-001
9.827929999951968e-003	-2.497227e-001
9.833929999951932e-003	-2.445289e-001
9.839929999951896e-003	-2.389876e-001
9.845929999951861e-003	-2.331066e-001
9.851929999951825e-003	-2.268944e-001
9.857929999951789e-003	-2.203597e-001
9.863929999951754e-003	-2.135120e-001
9.869929999951718e-003	-2.063607e-001
9.875929999951683e-003	-1.989163e-001
9.881929999951647e-003	-1.911891e-001
9.887929999951611e-003	-1.831903e-001
9.893929999951576e-003	-1.749311e-001
9.899929999951540e-003	-1.664234e-001
9.905929999951504e-003	-1.576791e-001
9.911929999951469e-003	-1.487108e-001
9.917929999951433e-003	-1.395311e-001
9.923929999951398e-003	-1.301531e-001
9.924784285665678e-003	-1.288024e-001
9.925638571379960e-003	-1.274481e-001
9.926492857094240e-003	-1.260902e-001
9.927347142808520e-003	-1.247287e-001
9.928201428522800e-003	-1.233635e-001
9.929055714237082e-003	-1.219948e-001
9.929909999951362e-003	-1.206224e-001
9.929929999951362e-003	-1.205902e-001
9.930784285665642e-003	-1.192143e-001
9.931638571379924e-003	-1.178350e-001
9.932492857094204e-003	-1.164524e-001
9.933347142808484e-003	-1.150665e-001
9.934201428522764e-003	-1.136772e-001
9.935055714237046e-003	-1.122846e-001
9.935909999951326e-003	-1.108887e-001
9.935929999951326e-003	-1.108559e-001
9.941929999951291e-003	-1.009641e-001
9.942784285665571e-003	-9.954361e-002
9.943638571379853e-003	-9.812034e-002
9.944492857094133e-003	-9.669430e-002
9.945347142808413e-003	-9.526549e-002
9.946201428522693e-003	-9.383392e-002
9.947055714236975e-003	-9.239958e-002
9.947909999951255e-003	-9.096248e-002
9.947929999951255e-003	-9.092881e-002
9.953929999951219e-003	-8.076429e-002
9.959929999951184e-003	-7.048499e-002
9.965929999951148e-003	-6.010552e-002
9.971929999951112e-003	-4.964064e-002
9.977929999951077e-003	-3.910521e-002
9.983929999951041e-003	-2.851421e-002
9.989929999951006e-003	-1.788268e-002
9.995929999950970e-003	-7.225726e-003
9.996541428522394e-003	-6.138863e-003
9.997152857093820e-003	-5.051948e-003
9.997764285665244e-003	-3.964981e-003
9.998375714236670e-003	-2.877962e-003
9.998987142808094e-003	-1.790892e-003
9.999598571379520e-003	-7.037700e-004
1.000020999995094e-002	3.834036e-004
1.000192999995093e-002	3.441499e-003
1.000792999995090e-002	1.410383e-002
1.001392999995086e-002	2.474612e-002
1.001992999995083e-002	3.535326e-002
1.002592999995079e-002	4.591017e-002
1.003192999995076e-002	5.640184e-002
1.003792999995072e-002	6.681337e-002
1.004392999995069e-002	7.712994e-002
1.004992999995065e-002	8.733692e-002
1.005592999995061e-002	9.741980e-002
1.006192999995058e-002	1.073642e-001
1.006278428566486e-002	1.087682e-001
1.006363857137914e-002	1.101688e-001
1.006449285709342e-002	1.115663e-001
1.006534714280770e-002	1.129605e-001
1.006620142852198e-002	1.143515e-001
1.006705571423626e-002	1.157392e-001
1.006790999995054e-002	1.171237e-001
1.006792999995054e-002	1.171561e-001
1.007392999995051e-002	1.267815e-001
1.007992999995047e-002	1.362268e-001
1.008592999995044e-002	1.454784e-001
1.009192999995040e-002	1.545233e-001
1.009792999995036e-002	1.633487e-001
1.010392999995033e-002	1.719419e-001
1.010992999995029e-002	1.802908e-001
1.011592999995026e-002	1.883835e-001
1.012192999995022e-002	1.962085e-001
1.012792999995019e-002	2.037547e-001
1.013392999995015e-002	2.110113e-001
1.013992999995012e-002	2.179681e-001
1.014592999995008e-002	2.246151e-001
1.015192999995004e-002	2.309430e-001
1.015792999995001e-002	2.369427e-001
1.016392999994997e-002	2.426057e-001
1.016992999994994e-002	2.479239e-001
1.017592999994990e-002	2.528898e-001
1.018192999994987e-002	2.574964e-001
1.018792999994983e-002	2.617370e-001
1.019392999994979e-002	2.656057e-001
1.019992999994976e-002	2.690970e-001
1.020592999994972e-002	2.722059e-001
1.021192999994969e-002	2.749280e-001
1.021792999994965e-002	2.772593e-001
1.022392999994962e-002	2.791967e-001
1.022992999994958e-002	2.807374e-001
1.023592999994955e-002	2.818790e-001
1.024192999994951e-002	2.826202e-001
1.024792999994947e-002	2.829597e-001
1.025392999994944e-002	2.828972e-001
1.025992999994940e-002	2.824326e-001
1.026592999994937e-002	2.815667e-001
1.027192999994933e-002	2.803007e-001
1.027792999994930e-002	2.786363e-001
1.028392999994926e-002	2.765760e-001
1.028992999994922e-002	2.741227e-001
1.029592999994919e-002	2.712798e-001
1.030192999994915e-002	2.680515e-001
1.030792999994912e-002	2.644422e-001
1.031392999994908e-002	2.604571e-001
1.031992999994905e-002	2.561019e-001
1.032592999994901e-002	2.513829e-001
1.033192999994897e-002	2.463065e-001
1.033792999994894e-002	2.408802e-001
1.034392999994890e-002	2.351116e-001
1.034992999994887e-002	2.290088e-001
1.035592999994883e-002	2.225807e-001
1.036192999994880e-002	2.158362e-001
1.036792999994876e-002	2.087851e-001
1.037392999994873e-002	2.014372e-001
1.037992999994869e-002	1.938031e-001
1.038592999994865e-002	1.858936e-001
1.039192999994862e-002	1.777200e-001
1.039792999994858e-002	1.692938e-001
1.040392999994855e-002	1.606270e-001
1.040992999994851e-002	1.517320e-001
1.041592999994848e-002	1.426213e-001
1.042192999994844e-002	1.333080e-001
1.042792999994840e-002	1.238053e-001
1.043392999994837e-002	1.141266e-001
1.043478428566265e-002	1.127349e-001
1.043563857137693e-002	1.113401e-001
1.043649285709121e-002	1.099422e-001
1.043734714280549e-002	1.085411e-001
1.043820142851977e-002	1.071368e-001
1.043905571423405e-002	1.057294e-001
1.043990999994833e-002	1.043188e-001
1.043992999994833e-002	1.042858e-001
1.044592999994830e-002	9.429674e-002
1.045192999994826e-002	8.417371e-002
1.045792999994823e-002	7.393106e-002
1.046392999994819e-002	6.358336e-002
1.046992999994816e-002	5.314532e-002
1.047592999994812e-002	4.263176e-002
1.048192999994808e-002	3.205763e-002
1.048792999994805e-002	2.143794e-002
1.049392999994801e-002	1.078779e-002
1.049992999994798e-002	1.223148e-004
1.050038428566226e-002	-6.854248e-004
1.050083857137654e-002	-1.493143e-003
1.050129285709083e-002	-2.300839e-003
1.050174714280511e-002	-3.108515e-003
1.050220142851939e-002	-3.916168e-003
1.050265571423368e-002	-4.723801e-003
1.050310999994796e-002	-5.531411e-003
1.050592999994794e-002	-1.054333e-002
1.051192999994791e-002	-2.119396e-002
1.051792999994787e-002	-3.181450e-002
1.052392999994783e-002	-4.238981e-002
1.052992999994780e-002	-5.290488e-002
1.053592999994776e-002	-6.334478e-002
1.054192999994773e-002	-7.369464e-002
1.054792999994769e-002	-8.393976e-002
1.055392999994766e-002	-9.406561e-002
1.055478428566194e-002	-9.549690e-002
1.055563857137622e-002	-9.692533e-002
1.055649285709050e-002	-9.835091e-002
1.055734714280478e-002	-9.977364e-002
1.055820142851906e-002	-1.011935e-001
1.055905571423334e-002	-1.026105e-001
1.055990999994762e-002	-1.040247e-001
1.055992999994762e-002	-1.040578e-001
1.056592999994759e-002	-1.139021e-001
1.056678428566187e-002	-1.152910e-001
1.056763857137615e-002	-1.166764e-001
1.056849285709043e-002	-1.180585e-001
1.056934714280471e-002	-1.194371e-001
1.057020142851899e-002	-1.208123e-001
1.057105571423327e-002	-1.221841e-001
1.057190999994755e-002	-1.235525e-001
1.057192999994755e-002	-1.235845e-001
1.057792999994751e-002	-1.330913e-001
1.058392999994748e-002	-1.424089e-001
1.058992999994744e-002	-1.515242e-001
1.059592999994741e-002	-1.604242e-001
1.060192999994737e-002	-1.690961e-001
1.060792999994734e-002	-1.775278e-001
1.061392999994730e-002	-1.857072e-001
1.061992999994726e-002	-1.936227e-001
1.062592999994723e-002	-2.012630e-001
1.063192999994719e-002	-2.086173e-001
1.063792999994716e-002	-2.156752e-001
1.064392999994712e-002	-2.224266e-001
1.064992999994709e-002	-2.288619e-001
1.065592999994705e-002	-2.349719e-001
1.066192999994702e-002	-2.407480e-001
1.066792999994698e-002	-2.461820e-001
1.067392999994694e-002	-2.512662e-001
1.067992999994691e-002	-2.559933e-001
1.068592999994687e-002	-2.603566e-001
1.069192999994684e-002	-2.643499e-001
1.069792999994680e-002	-2.679676e-001
1.070392999994677e-002	-2.712045e-001
1.070992999994673e-002	-2.740559e-001
1.071592999994669e-002	-2.765179e-001
1.072192999994666e-002	-2.785870e-001
1.072792999994662e-002	-2.802601e-001
1.073392999994659e-002	-2.815350e-001
1.073992999994655e-002	-2.824098e-001
1.074592999994652e-002	-2.828833e-001
1.075192999994648e-002	-2.829548e-001
1.075792999994644e-002	-2.826241e-001
1.076392999994641e-002	-2.818919e-001
1.076992999994637e-002	-2.807590e-001
1.077592999994634e-002	-2.792272e-001
1.078192999994630e-002	-2.772986e-001
1.078792999994627e-002	-2.749759e-001
1.079392999994623e-002	-2.722624e-001
1.079992999994620e-002	-2.691621e-001
1.080592999994616e-002	-2.656792e-001
1.081192999994612e-002	-2.618188e-001
1.081792999994609e-002	-2.575863e-001
1.082392999994605e-002	-2.529878e-001
1.082992999994602e-002	-2.480298e-001
1.083592999994598e-002	-2.427193e-001
1.084192999994595e-002	-2.370638e-001
1.084792999994591e-002	-2.310715e-001
1.085392999994587e-002	-2.247508e-001
1.085992999994584e-002	-2.181107e-001
1.086592999994580e-002	-2.111607e-001
1.087192999994577e-002	-2.039106e-001
1.087792999994573e-002	-1.963707e-001
1.088392999994570e-002	-1.885517e-001
1.088992999994566e-002	-1.804648e-001
1.089592999994563e-002	-1.721215e-001
1.090192999994559e-002	-1.635335e-001
1.090792999994555e-002	-1.547132e-001
1.091392999994552e-002	-1.456730e-001
1.091992999994548e-002	-1.364257e-001
1.092592999994545e-002	-1.269846e-001
1.092678428565973e-002	-1.256253e-001
1.092763857137401e-002	-1.242625e-001
1.092849285708829e-002	-1.228961e-001
1.092934714280257e-002	-1.215262e-001
1.093020142851685e-002	-1.201528e-001
1.093105571423113e-002	-1.187759e-001
1.093190999994541e-002	-1.173954e-001
1.093192999994541e-002	-1.173631e-001
1.093792999994538e-002	-1.075747e-001
1.094392999994534e-002	-9.763349e-002
1.094478428565962e-002	-9.620633e-002
1.094563857137390e-002	-9.477651e-002
1.094649285708818e-002	-9.334401e-002
1.094734714280246e-002	-9.190885e-002
1.094820142851674e-002	-9.047102e-002
1.094905571423102e-002	-8.903051e-002
1.094990999994530e-002	-8.758734e-002
1.094992999994530e-002	-8.755353e-002
1.095592999994527e-002	-7.734912e-002
1.096192999994523e-002	-6.703481e-002
1.096792999994520e-002	-5.662523e-002
1.097392999994516e-002	-4.613517e-002
1.097992999994513e-002	-3.557954e-002
1.098592999994509e-002	-2.497336e-002
1.099192999994506e-002	-1.433167e-002
1.099268999994505e-002	-1.298188e-002
1.099344999994505e-002	-1.163187e-002
1.099420999994504e-002	-1.028164e-002
1.099496999994504e-002	-8.931189e-003
1.099572999994503e-002	-7.580522e-003
1.099648999994503e-002	-6.229635e-003
1.099724999994502e-002	-4.878530e-003
1.099792999994502e-002	-3.669608e-003
1.099998999994501e-002	-7.000762e-006
1.100000000000000e-002	1.077586e-005
